924011
897669
745551
233304
1076189
1242080
1149927
1102176
1170988
1161076
985520
1222645
1046419
1056268
1174717
908738
1161202
1134474
790445
922861
891138
909043
1183733
1104637
1132935
1164605
1097530
1078141
1076752
1047030
1190423
1150639
1118622
1008373
1124014
1027791
1059333
1018416
1083050
1165367
1053173
1174836
1161060
915310
923225
975399
1054159
1048719
1064442
1075157
1040053
975381
997783
1050383
1219278
1163582
1016445
1078816
1085909
1187624
1062006
1157476
956726
1071376
915463
1026065
1050036
1003475
1058090
968709
1083744
1218710
1084951
1022669
1120928
870940
982897
985077
965891
1047988
1032570
1176558
902719
901377
1089608
1162966
1237983
1156298
1184346
1142607
1133763
1008038
1003422
1042275
979601
1035601
1093463
1059398
1176403
1069076
1035379
1067555
1146713
1065004
1197698
1077088
1112994
1093745
1097197
834242
774213
125341
