1379796
1391284
1055324
318678
1881677
2270523
1983717
2126887
2157225
2103786
1846608
2256628
1908902
1904261
2085432
1682901
2073620
2075709
1453756
1583059
1502737
1604854
2108285
2144550
2101727
2165171
1972932
1963884
1996122
1810527
2191701
1995409
2082465
1858668
2027886
1823570
1882152
1812724
1978034
2141986
1951425
2211493
2199414
1609343
1717998
1704499
1908007
2026405
2023136
1992164
1896116
1650773
1738993
1949162
2233093
2184075
1900697
1924760
1968366
2162766
1923522
2129841
1784755
1915347
1610253
1891473
1867549
1767883
1796921
1692124
1923811
2323641
1946403
1847281
2027881
1558532
1719220
1794790
1413612
1581455
1772832
2241260
1379686
1360444
2057727
2065341
2248340
2146913
2168608
2063129
2063252
1878326
1820513
1895841
1751557
1623575
1958118
1837730
2108064
1999787
1824198
1738753
2144815
1814339
2255264
1868225
1916463
2059480
1963533
1266333
1116373
187269
