110503
96221
84753
44818
114280
123485
116084
123624
113223
113444
107031
124424
115067
109337
125592
98988
118701
122838
93287
100527
100957
117643
126077
120689
115046
127248
110608
118437
111745
111727
121636
116584
115281
109321
117751
107450
117993
105095
110937
125341
116072
123703
118008
95118
104787
105012
114689
117040
124783
108386
114501
106838
116105
113358
127442
113109
113046
112003
112979
126464
112331
118289
101682
110587
106494
119493
108991
112922
121838
109372
121442
127645
107932
107721
120842
105742
102578
114891
114452
123312
104818
125614
99334
109795
126501
121257
121802
120432
112643
120038
115572
106912
111752
114118
113192
119971
111109
123432
114113
118567
119796
102276
121547
111314
125986
112325
122572
118078
118010
93538
97234
16974
