170143
151236
132584
61149
176495
202790
181803
192243
183431
185605
161519
198363
172626
172886
195242
153478
191554
199235
134902
156558
159302
177373
198685
186888
183847
203757
178277
183909
177396
173030
195109
185107
183268
170162
183928
170642
183158
168042
180890
194324
185069
194094
185624
143727
159310
164826
180939
185384
195666
171150
183275
164359
183214
181034
194246
182894
175589
176678
176564
201484
174122
190667
157651
175418
164885
186814
170700
174112
186201
171639
186898
208002
166846
165821
186004
161861
161497
179745
176936
192941
164451
198527
161036
169707
199774
192372
191135
190996
179144
187212
180343
167878
171221
168011
173324
190583
171016
192474
187365
185103
182119
172113
189740
178635
202025
175823
190679
186997
183542
150946
145533
23463
