338649
293225
251823
102849
350758
393645
373711
364437
374824
371996
309297
393500
345430
329339
379371
305252
369181
372228
272892
311738
290987
338943
394426
362146
370250
398043
356435
360274
350248
343073
382555
370339
358980
332645
356188
329856
352806
326872
364815
384035
350918
381020
370615
288634
298727
324481
352226
354462
382830
339776
337910
317558
347740
357174
381544
380326
336216
356301
352311
399542
345680
372715
303595
339280
316071
360114
353713
346877
351454
341492
369366
403112
339438
330763
366506
321502
318012
368130
325467
374007
321612
395189
307787
315290
383148
386974
394357
364116
372577
366492
358346
332762
334544
338444
355271
348302
354302
371450
369574
367334
356707
320739
369607
356422
393800
351987
371634
364935
376421
300850
287743
43918
