435092
398800
337210
127354
489596
534475
521350
510769
518556
517357
440895
550709
474327
464848
523591
415410
514444
502494
369532
397281
421437
433516
539069
506721
501300
535482
507101
490545
475882
456902
523176
512262
510545
461198
495795
447760
490162
452904
491289
543079
469399
532214
519390
396390
410799
428265
478649
477429
507171
482859
464892
429640
474231
471701
533894
515777
476428
484766
483922
536189
480392
522990
425772
467169
412285
481366
483994
457834
468456
470964
487051
550510
480462
461983
511927
425724
446002
475438
444990
494403
455947
537159
416691
422651
512236
518940
556717
519338
506164
504510
496385
461591
457568
444209
488859
484858
495414
512941
507077
503055
482476
461561
516340
493231
538313
485670
506224
516045
510643
389033
374903
60177
