710311
684451
571580
188082
801526
938020
839586
845402
850766
889536
708447
900232
785166
762931
899662
704502
856163
845551
533145
638184
667568
761888
909852
848213
846891
893110
849795
806078
830566
735294
852950
876046
844517
754979
837622
782953
791901
750475
815868
890181
761353
879801
861886
675144
702144
755215
823193
821924
810842
797297
792120
729003
802360
802540
902996
862567
769242
806991
803454
894754
795900
862901
709760
786752
702127
828017
816046
755933
792219
771504
821457
927002
812530
781255
844979
703343
760965
813467
691134
765166
763570
924388
635856
599933
873263
866459
908466
860303
868259
845764
836149
779302
760369
752132
821944
791404
825652
862615
859479
833827
805856
728173
876746
814108
898619
807007
834410
846901
825770
660753
601354
96167
