85.950487
91.82772
93.297209
94.050865
94.083717
93.165837
90.643649
93.845872
93.101002
95.193863
93.536556
83.857856
96.992346
96.576492
84.823543
93.536177
94.273161
93.780139
92.916972
93.321502
91.99505
93.016981
93.358374
93.279566
91.089591
93.680173
93.23682
90.535151
92.844087
93.913647
89.224023
92.366833
91.341774
94.007085
93.716776
93.128604
93.938332
93.444665
91.068628
94.196278
93.903631
93.40702
86.843392
91.952528
87.446908
93.601072
91.257106
88.358279
90.67523
92.41994
92.539281
91.984062
92.98756
92.994026
94.186078
94.205717
90.226817
89.231332
93.149339
93.292738
92.819059
92.483851
92.568434
93.442908
93.315239
92.068382
93.915146
92.824907
92.827329
91.702625
92.850771
92.819029
93.856513
92.397738
92.969489
92.85007
92.287081
92.818532
92.815596
93.753201
91.605648
95.707468
91.310926
92.25323
86.426438
88.667708
87.477066
91.100656
84.00887
90.023914
89.406209
87.945732
88.31456
84.899786
85.132766
92.509725
84.823411
91.175582
89.751498
87.696327
91.274468
87.974668
90.69334
94.076395
88.499201
86.368667
93.169174
89.921644
86.53963
88.51136
89.01746
94.66781
89.423686
93.860983
93.964798
92.933243
92.777561
79.750717
95.255298
