87.842601
92.073293
93.727749
94.27665
94.292405
93.390014
90.812306
94.126425
93.324466
95.854017
94.225095
84.276611
97.419807
97.119294
85.192935
93.900489
94.727176
94.269608
93.718334
93.731403
92.670457
93.561537
93.718908
93.661521
91.407964
93.991845
93.57365
91.140345
93.343326
94.21173
89.449133
92.628893
91.612274
94.253914
93.969206
93.344065
94.158831
93.78971
91.970747
94.328877
94.036503
93.518288
86.936961
92.483501
88.07166
93.984099
91.464274
88.591749
91.473178
93.095546
93.103702
92.259103
93.440144
93.483032
94.251786
94.274251
90.803621
89.757439
93.576356
93.668697
93.284619
92.991418
93.061198
93.796396
93.74018
92.413499
94.078009
93.127705
93.039255
91.926926
93.081096
92.998757
94.04464
92.674506
93.256882
93.036037
92.469258
93.128557
93.148987
94.212889
92.286035
96.458342
92.417509
93.248438
87.256801
89.244791
88.103561
91.896396
84.47331
90.748494
90.080516
89.243954
89.780808
86.46617
86.073022
94.36388
85.714344
91.716826
90.111626
88.245981
92.301849
89.043535
91.898298
94.534037
88.777809
86.910486
93.669941
90.444632
86.840647
89.279513
89.719577
95.059737
89.643899
94.233696
94.24912
93.146163
93.21722
79.977966
95.572244
