99.25178
97.823349
98.469872
97.938856
98.162155
98.222563
98.323154
98.176185
98.190089
99.418517
99.161745
99.730458
99.789521
99.849956
99.62658
98.219606
99.018837
98.856356
98.759894
98.271023
98.854396
98.671709
98.606929
98.368889
98.521481
98.239408
98.352005
98.829192
98.383349
98.04352
98.193444
98.464138
98.376294
98.200946
97.923415
98.05975
97.943926
97.940221
97.657479
97.649359
97.472248
97.732747
98.295375
99.365771
98.951921
98.531769
97.910698
98.484551
99.171717
99.225335
98.674883
97.992254
98.165888
97.67172
97.431918
97.492416
98.423026
98.380772
98.445313
98.08946
98.640525
98.24584
98.261049
98.29883
98.351775
98.329317
97.919692
97.865937
97.963689
98.575714
97.757631
97.901974
97.867869
97.83599
97.739105
97.899907
97.730613
97.788211
98.358441
98.75898
99.67163
99.849954
99.874928
99.721328
99.824087
99.540065
99.689085
99.568098
99.654753
99.795882
99.849958
99.878563
99.892824
99.807075
99.891918
99.893642
99.624489
99.576007
98.981312
99.449603
99.677192
99.765419
99.348526
99.176976
98.735524
99.101666
98.569534
98.178192
98.486391
99.153926
99.17457
98.744107
98.30488
98.240668
98.173696
98.123146
99.07376
99.830704
99.914262
