13.331664
27.129697
31.423484
33.418483
32.766843
33.589896
31.991813
32.161752
32.640783
30.234278
25.396858
23.430736
25.973479
24.378324
23.1273
23.96672
22.598919
23.707298
22.228616
26.360009
22.876304
21.897553
23.187845
24.164456
21.381622
28.449476
27.302037
24.833285
30.333529
31.84681
30.814495
33.170344
26.538703
25.754197
26.294143
26.372526
26.605621
30.337142
34.798412
36.5033
34.774605
31.491722
26.607661
22.379799
20.321732
22.867953
24.678101
22.455639
19.111315
21.346174
22.201358
24.55774
25.006196
22.343431
23.958724
23.944975
26.090486
25.951725
28.121241
24.985652
22.312717
22.257125
21.779294
23.765654
24.871066
24.029632
24.215111
23.910597
24.469231
25.601544
27.171456
28.207471
28.642781
27.328855
28.151964
28.724505
27.469164
26.488321
25.139417
23.565005
24.076752
23.181408
21.389086
21.168039
21.581738
20.66114
21.874726
19.613655
20.941477
21.474703
20.677306
20.90864
23.120455
22.948332
26.080716
26.082671
28.419132
31.427096
25.081317
20.935305
19.189573
19.43924
22.213726
26.64244
26.645421
26.579922
26.915748
29.624135
30.460423
24.222043
24.281962
30.224523
30.911595
31.079888
31.690204
27.132258
21.740109
23.697135
25.390001
