26.88295
42.989902
49.358441
51.212388
50.309359
51.313979
48.959242
50.484358
50.747682
47.956769
41.486466
38.261466
43.923129
42.113055
39.933599
41.909896
40.422274
38.741215
39.302274
43.559245
37.941667
39.570491
40.720894
41.634979
40.383942
47.70587
46.81148
42.183737
47.88289
50.489313
48.467207
51.440411
45.521065
46.089114
45.725685
46.058926
46.209779
48.21673
51.046083
51.31872
49.434259
47.69715
45.481945
40.534846
39.228847
41.268654
42.616937
40.731161
36.163699
39.011111
41.233521
43.60519
43.859241
41.88984
43.443979
43.385957
44.531615
43.129356
45.687602
42.126639
39.459018
38.779629
39.152062
40.878008
42.10999
41.313067
41.870283
41.710672
42.430586
40.957332
46.267462
46.964293
47.506052
46.135883
46.970044
47.479907
46.455409
45.379755
44.035805
43.192836
43.210034
40.857958
37.055765
36.238731
35.680191
37.322744
38.997859
34.664958
40.901789
39.818452
37.392539
35.785259
42.771365
39.27654
41.209973
39.389678
46.324355
48.978394
41.658554
37.41925
36.337852
34.527449
39.073138
44.484116
43.045927
42.563625
45.805749
46.614948
45.655093
39.313023
41.430741
48.95074
49.501662
49.262908
49.726492
46.21719
41.018427
42.150881
42.149964
