50.954338
65.11437
68.787006
70.37447
68.12235
69.530111
69.360105
69.623192
69.439418
67.807484
65.631564
57.093422
63.365277
59.384946
64.195829
63.745737
64.869673
64.46964
62.104447
65.782733
59.892
63.454541
64.753838
64.985586
63.26968
68.71122
68.111423
64.400001
66.457926
69.740368
68.023702
70.387879
67.173867
68.408462
68.72645
68.306344
68.784791
68.171329
67.919842
71.166309
69.836318
68.324363
67.549284
63.93317
61.493156
66.407232
66.318024
63.5395
60.767921
62.991548
61.668847
66.206623
66.945374
66.263115
67.993069
67.961131
63.422761
64.129078
66.948932
64.899386
62.839073
62.480675
63.21414
64.406357
65.358613
65.404515
64.755028
65.568459
65.746586
66.483118
67.30409
68.02294
68.779042
67.13846
68.35032
68.659713
67.307894
66.982438
65.997432
65.990087
66.21718
64.790524
59.705331
61.17458
60.282417
59.843155
63.086358
62.634368
59.506739
62.985799
60.00127
54.552501
63.497541
62.798651
58.938908
62.114968
66.348604
67.411953
62.712616
59.337153
60.046202
55.020191
60.680019
66.390976
63.245057
58.842132
67.898974
66.238762
64.129458
59.725872
61.387481
69.661919
69.048775
66.90234
68.612611
68.34928
64.650534
48.565887
66.211591
