46.514739
64.556909
67.570828
69.834792
67.54185
69.063327
68.676683
68.645609
68.665738
65.157363
62.994442
55.23863
61.818831
57.577045
62.071873
62.308829
62.449102
62.417085
59.440707
64.570787
57.877492
61.666154
63.482442
63.800523
61.781821
67.901226
66.891454
62.502284
64.866221
68.658694
66.59193
69.030783
66.138842
67.710736
68.101062
67.743868
68.10655
67.321355
67.276892
70.53237
69.679652
68.07534
66.543495
62.06876
59.358128
64.549047
65.221716
62.092581
57.318547
59.828797
59.590171
65.014908
65.411
61.977529
67.686451
67.73567
61.462945
61.814393
65.309204
63.601666
60.666348
60.503731
61.172352
62.497301
63.464737
64.009875
64.319524
64.351182
64.792358
65.457809
66.282423
67.191042
67.872128
65.790011
67.096851
67.719527
66.442261
65.844197
64.83248
63.982475
63.86153
62.031603
55.693936
58.080045
57.230884
57.490452
60.219002
59.98816
58.050346
60.870963
57.259122
52.066835
59.568521
58.716542
56.766877
57.634431
63.735963
66.162217
61.606148
57.911513
57.317424
52.810796
57.648523
64.862979
62.13292
57.067461
65.756198
64.658178
62.940531
56.973239
58.870882
67.323423
67.929163
65.982005
67.650071
67.580596
63.443575
48.163083
65.636665
