1020664
1243483
1012438
1058521
999692
1166967
941838
1024256
1218605
1042010
1111034
1206481
1141013
1119474
1100429
1103111
962071
1234401
1152099
1039303
1219539
1016041
1010228
1020279
1210442
1121927
1079531
1090063
1214912
1117489
1210953
1067267
1265556
918733
1188889
1153791
1037880
1158360
1128506
1188824
1045650
1111336
1138872
1089629
1088453
1134106
1101000
1260797
1109064
1121133
1213382
1069045
1001566
1197563
1055411
1194564
1111676
1182146
1164869
1037822
1082784
1147377
1098967
1054082
881044
1149661
1077257
1122652
1060221
1147117
1074383
926295
