1303992
1580971
1308030
1379777
1305569
1545521
1237174
1359051
1535725
1343908
1409707
1558234
1452917
1435725
1431158
1420884
1226321
1575365
1483143
1341875
1553888
1310827
1283916
1303035
1498494
1458794
1376393
1397240
1546097
1437030
1527927
1411721
1605908
1178314
1523670
1486620
1317753
1535997
1402644
1523912
1337530
1445054
1507648
1366650
1433312
1443844
1408207
1607477
1424646
1445204
1555350
1372825
1293770
1535100
1368686
1548048
1405289
1510043
1481962
1323389
1400079
1481181
1421220
1353682
1167031
1513543
1418271
1474154
1396081
1498833
1377880
1185238
