1909061
2221406
1956857
1996876
1856791
2190555
1780148
1940765
2204999
1919134
2167444
2286041
2034824
2015601
2051627
2069242
1862265
2238626
2109590
1933134
2148548
1920368
1745341
1822617
2244249
2050427
1973090
2010980
2204713
2029976
2216730
2000246
2306870
1768115
2147166
2176332
1868224
2162877
2010770
2222185
1869892
2111368
2097432
1958759
2087983
2029790
2078219
2304932
1994959
2014506
2202565
1947716
1845838
2182637
1997357
2209083
2013798
2152568
2170413
1859645
2017072
2085963
2000373
1946183
1639665
2145018
1957097
2061020
1949726
2141432
2052083
1687313
