114250
127558
110028
109076
103694
124392
95942
109831
125841
105671
114940
125368
114931
118017
116731
113976
103874
123846
122061
114017
120036
115501
111229
103870
121525
112756
111365
114029
121460
112058
126648
115865
122288
106020
118225
118166
103483
121706
114357
120320
109256
117843
117163
113434
119416
114674
113873
121328
110242
113757
122691
109240
104937
121270
118315
120087
118208
116854
118728
103280
107142
114843
107649
110853
117644
116962
117103
120093
109721
120287
111335
95954
