331045
385853
339810
333130
323563
377511
301297
331768
388262
328793
351671
390185
375684
367598
359411
347995
318124
395233
368081
338476
388013
341820
324152
299117
377846
356877
348258
350876
385938
353077
394893
347309
398426
308635
373212
362701
329520
362428
363813
386146
344665
369038
371368
351747
361911
355266
345497
379787
347147
350032
387279
347883
321050
382483
336967
385842
363862
371948
376860
331201
338675
377071
342098
339178
323004
374617
368280
371135
351895
370199
352101
296138
