247209
288543
248304
244908
239397
274759
222763
243445
289088
246288
262433
288003
275964
277477
267840
261303
240047
295457
274707
254513
275723
258423
244679
224761
278941
267337
256487
263237
284779
259772
293934
258961
295070
229638
277093
268904
244785
266287
274419
288326
255102
274373
273846
261274
267819
264028
252081
281565
255769
258475
282143
258208
239719
284767
250862
289294
270395
274670
280780
245532
254111
258902
232879
253902
235730
272174
264264
267958
256337
271914
260277
213528
