453160
542182
464226
468091
453844
499338
421562
469447
542504
459736
487612
544705
517194
509449
496536
489033
434149
554061
513351
476153
531722
476099
443177
406889
534865
498032
472592
479705
536071
494136
545980
490927
548542
415492
532874
507659
455241
506667
496809
541683
474085
509259
526293
483394
501955
486821
478484
549575
478707
486020
530307
485130
445848
536816
481377
539083
504089
520364
522416
457276
478359
523415
491902
474104
418651
515398
492966
488173
465789
514955
483867
398326
