770005
909528
776488
831722
779069
911871
729905
816263
898633
783638
831147
928564
868273
817479
850630
829046
728928
922328
866471
777498
904293
793191
750868
729178
909879
856482
800493
807260
902043
844713
891494
840147
924108
713342
892096
868382
766902
919882
797938
894888
796169
870319
864270
823071
855603
864421
825675
967589
812972
860045
896470
807605
757894
891077
782340
904420
854052
878170
865284
765800
804445
870103
857270
809216
680476
890185
845703
869796
825576
874505
806133
665742
