1262112
1511546
1507057
1443449
1484007
1459454
1472731
1447193
1500239
1235216
1316402
1387151
1409172
1502806
1366727
1403967
1266109
1322827
1499978
1294340
1468354
1480255
1293818
1286277
1402701
1396185
1353421
1331118
1332513
1473062
1374101
1450921
1153051
1458528
1306599
1448649
1194648
1395152
1322993
1552468
1383853
1487221
1218146
1521788
1444365
1544983
1406395
1397557
1437109
1390769
1490230
1329345
1360300
1498950
1552789
1309456
1262921
1430406
1387245
1314849
1251974
1411670
1464467
1380553
1475606
1253541
1224696
1516692
1391394
1261099
1587412
1221138
1376111
1373564
1261123
1512860
1451219
1261504
1440661
1400192
1369134
1572004
1149698
1288859
1316546
873331
