982975
1191118
1172444
1113439
1164755
1145830
1160502
1113993
1183638
950738
1004451
1075061
1105679
1171114
1063325
1092550
994007
1029318
1179947
1011630
1160713
1157573
1000637
1004994
1095757
1075643
1056872
1026186
1045565
1140190
1064588
1128685
901164
1143416
1024790
1124606
932082
1086240
1028177
1220279
1078904
1164931
953381
1190773
1128512
1197544
1110890
1099041
1114729
1080997
1169599
1036966
1057321
1173780
1221844
1009736
963621
1116285
1084917
1028775
972124
1095529
1150462
1081126
1170599
975600
960129
1194448
1078449
980708
1251243
947731
1036720
1076434
979222
1185611
1119004
978018
1118664
1090192
1069754
1234243
906208
1020986
1015651
677921
