1516731
1901216
1885953
1782213
2035293
2087019
1992554
1916637
1924606
1735333
1884829
1913877
1907445
2126546
1966098
1984160
1690967
1909105
1992739
1710387
1962922
2048278
1845612
1735639
1818019
1870817
1944638
1873975
1858301
2046159
2000568
2077064
1572421
1864318
1802107
2014352
1466492
1832659
1756772
2075246
1886660
2048166
1638645
2088023
1943530
2162806
1954175
1976989
1955137
1973171
2095120
1929950
1820670
2108180
2205787
1918487
1968747
1987653
1887582
1817813
1707746
1959905
2167594
1982166
1912429
1775518
1792770
1941964
2015770
1862044
2238287
1774346
1911801
2007222
1707782
2028432
2118626
1768465
2054697
2022288
1897951
2161099
1612350
1856910
1733086
1108752
