104247
122453
118799
118358
126379
117970
119867
113378
122128
118863
114837
110782
116734
123236
109726
116348
98899
117312
119662
109342
122234
118389
121360
109546
114890
116473
113196
113396
106808
122077
116823
118840
99600
127044
111879
125122
105219
118389
100933
128128
110882
124056
104773
124743
114449
127667
114393
121664
116109
117297
121520
109625
114411
120617
125021
106849
105910
120901
117611
117162
110831
116210
116506
117855
119264
115833
100688
124818
111649
108501
126343
99715
112332
121347
105121
125725
116506
109303
116888
116684
110966
130454
95722
122699
110383
76415
