166462
191577
191912
184888
194169
187433
187008
185067
193345
163440
180316
168562
180674
196984
170267
177778
157144
181733
185994
167052
191528
188062
180436
178073
184225
183322
172358
171832
163807
185762
188686
183178
152919
193783
173427
195736
172007
181426
155369
199155
177996
195275
157957
197303
180069
204495
175467
186195
179608
182968
195738
170706
176305
196412
193247
164797
155518
184464
179541
174779
169407
182333
184077
183900
187931
166446
161445
193737
175703
170052
193850
154642
173909
186685
160715
197017
184329
167917
184614
179172
176520
205959
148844
190054
175133
117290
