242671
284255
276525
271369
283403
274540
281646
264362
283663
235694
245755
245804
261185
284700
256575
259255
227574
255915
266604
246680
279682
283545
255994
244720
270079
261986
247822
239816
240039
270055
265478
271082
220013
285507
254987
267847
258279
267242
229349
289820
262282
289298
224380
286998
269272
288927
271143
271348
260619
262524
288845
253193
250799
286596
294772
238996
217225
266869
266552
253170
241716
254326
283849
264838
282190
235711
231476
287448
253208
243407
290698
225443
244299
273078
232267
286261
269203
239347
268007
261139
261099
296080
215896
265900
259401
170461
