331790
376617
381367
359464
380090
368865
378252
356418
382300
316658
327478
330818
357604
379551
344450
351880
314375
354180
358599
329031
378989
379537
339859
328765
364939
354562
333319
332674
323767
364681
365102
359881
297938
385875
341636
368268
350432
361602
313738
393319
349588
379813
305801
386776
357791
390112
364486
361175
353014
358358
386526
341127
347511
383586
392719
322463
302052
356798
355651
329852
332203
347400
375251
353327
378707
316065
319153
378802
347942
327049
388929
306089
333316
364021
313765
383575
361804
318654
361194
353613
347258
390685
296254
357120
345132
231332
