762299
885331
884190
834975
867519
864639
877708
831868
894644
722597
737677
812156
848640
888103
788395
826802
754605
805410
853549
766390
868602
886917
762875
747194
845509
826578
771805
771577
773656
861321
858359
849035
703024
882091
766274
848642
732562
823628
762208
912819
805290
888857
694304
894798
850191
917074
819676
837350
821314
822132
874606
799593
810715
863079
916830
739908
731723
828936
813519
771092
773237
809938
859432
825556
883990
749007
734174
869062
810834
776409
928556
709046
796919
837088
719889
903172
839408
746196
849401
837666
790437
912217
685818
810109
806589
539441
