85.414688
85.238865
87.985265
88.749593
75.771833
84.397498
79.42887
64.802595
85.657505
69.018028
71.685248
57.539454
81.342331
87.663736
87.688377
90.336093
87.997078
74.904088
73.418691
88.384706
89.709259
88.083149
87.709373
90.15213
71.678536
87.744251
87.823345
82.65987
75.55729
86.380167
90.701175
60.65559
69.042975
85.647418
88.855817
88.533033
79.97732
80.921109
72.452572
80.729631
54.163153
72.05906
75.743321
82.078377
88.101753
78.946811
77.575432
78.058893
87.060624
63.778664
76.649271
79.428912
65.639348
69.230731
73.679094
76.403764
89.101889
89.727365
74.315002
86.593863
82.98658
78.984755
66.924541
85.606443
87.777468
90.72747
87.875613
84.202517
78.689197
72.351984
73.529252
87.337975
