98.43395
98.582179
98.677931
98.509574
98.360633
98.949087
98.649814
98.426199
98.317759
98.901
98.78018
98.787311
98.800486
98.782375
98.46944
98.741153
98.957818
99.001148
98.603245
98.909954
98.915941
98.467937
98.88226
97.960296
98.459208
98.90706
98.866616
98.288683
98.496414
98.943024
98.584324
98.945389
98.729441
98.678605
98.860098
98.639663
98.890211
98.920826
98.955076
99.001052
98.905765
98.61326
98.902874
98.720666
98.302791
98.049598
98.285498
98.830851
98.958757
98.943936
98.496006
98.57588
98.73863
98.738229
98.864099
98.661984
97.904922
98.649365
98.976396
98.832811
98.204693
98.787535
98.824003
98.424691
98.372664
98.873123
98.298188
98.779001
98.899301
98.761299
98.334112
97.67959
