48.558457
33.886214
44.378888
39.19437
41.342992
32.788379
40.053459
35.380918
42.060734
29.18136
27.591363
27.705354
27.604027
25.063024
46.993212
39.063319
38.624457
40.675114
33.163005
31.918341
25.948865
43.676149
36.745833
46.257643
36.91046
36.805
38.243612
44.987998
46.552098
21.588048
21.638357
30.526159
27.449045
40.832316
38.031992
38.752458
32.365586
26.496743
33.991189
34.221141
24.656787
26.705902
25.769789
24.567911
40.100745
44.597445
44.532661
27.972515
28.361846
24.622013
34.659339
36.054094
30.952887
21.492794
28.07374
37.405291
43.570271
37.291277
32.104174
27.871579
39.146549
29.140073
31.80983
36.411176
40.581654
57.444821
33.886723
32.821976
24.557347
26.844902
30.027758
51.030534
