59.171422
43.509774
58.465097
54.688156
54.71296
47.557049
56.254838
51.984393
53.999765
35.41622
40.471438
33.359847
45.790989
42.112828
59.909958
53.968097
53.66036
49.027962
54.832765
42.312995
35.370326
56.681589
54.860118
59.433871
48.685334
51.631604
53.998601
56.59348
48.428565
33.818227
36.350154
29.155132
43.256654
55.344122
52.54906
52.846129
46.043041
40.827603
46.538701
44.775567
33.168927
40.76399
33.625507
37.774345
55.94149
58.244583
54.975688
39.830514
39.029718
36.696291
47.170969
42.737035
42.756925
30.619682
40.275072
50.802774
58.590932
52.757743
41.873917
44.645923
55.342562
40.66377
43.014157
51.169851
54.333458
67.151759
44.366366
47.192939
37.342292
42.601216
42.448941
62.129566
