70.451456
51.210258
71.561505
68.949565
60.573436
62.286441
70.90641
67.071046
70.435937
46.628208
54.366821
46.031241
63.910961
60.837973
72.669155
69.011995
66.905238
69.2152
68.949007
63.937758
44.362715
50.298181
63.393989
72.787186
58.826774
64.996535
66.809441
68.890333
61.325725
45.03798
51.789593
40.700058
49.854384
68.300527
67.060373
68.086113
57.28427
53.997882
57.538485
59.626707
40.256488
49.554784
50.858267
54.340429
70.312168
71.599614
66.958864
52.872587
51.063249
52.281513
61.031632
67.941685
51.778896
40.605546
53.639768
63.321821
72.500624
68.52131
50.2763
60.035211
67.773867
51.01403
54.043682
64.835671
67.357636
79.174018
57.560897
60.984882
51.210925
57.390731
54.088126
73.863915
