73.943799
57.213555
77.477376
77.83203
66.652851
71.620902
78.044629
77.760152
76.568113
58.786817
66.527234
52.635827
69.442036
73.087867
78.36814
77.795111
76.082544
71.994044
62.104301
72.736506
79.806854
57.758156
71.85525
80.685588
66.955834
75.841255
76.147198
73.903239
66.011528
58.229377
61.912142
71.632194
58.555871
74.997353
76.021207
75.81391
65.429746
64.69694
60.281425
67.851112
50.693572
55.087087
59.851404
66.336977
78.468479
76.075729
67.169802
60.880086
56.220821
58.749117
66.930533
70.454437
57.823899
64.708838
61.108185
72.339176
74.682353
77.696358
62.065106
71.679336
74.892666
51.389537
58.051526
74.346064
73.615552
81.926181
73.626874
71.771063
62.035706
59.688397
59.328371
80.064524
