77.508755
57.110727
82.242883
82.620516
69.714193
76.631632
81.172476
80.53742
79.455129
63.366411
64.964518
58.474236
74.079453
79.508007
81.028939
80.918187
80.308914
83.749876
81.905129
81.778628
47.780531
64.5967
81.780323
84.64178
69.572795
77.992722
82.283143
77.532017
64.333853
57.411881
66.199204
55.242226
62.944829
78.478963
79.73155
79.322083
72.972108
74.176995
76.988759
74.131
49.127433
58.023083
74.379249
74.686162
82.009123
79.557236
74.802176
70.037999
79.128708
62.85202
70.361633
67.300095
57.585429
70.85597
65.966326
78.366636
80.458009
82.381958
68.690939
78.31957
79.707952
67.346293
64.881004
79.44295
76.541534
83.91155
79.281095
77.902106
70.075992
66.260576
67.25206
83.457829
