86.558312
88.73842
85.441177
79.841924
65.980703
87.364471
91.405109
90.09709
88.889904
90.31975
91.56012
88.818825
87.7255
88.265511
88.02149
87.94803
77.355046
73.662099
82.590831
74.444618
82.368689
73.619646
75.155791
71.237376
81.666149
81.644254
86.355861
90.831643
85.805572
79.07761
85.362049
86.888589
71.692918
80.680464
83.42525
71.917472
84.178057
82.728319
85.110874
76.376373
90.309735
87.767266
83.170336
80.610127
74.87984
81.436652
83.632965
77.499292
84.138041
78.571424
69.601214
79.611167
75.679408
69.280908
81.991694
77.022663
84.395615
79.119968
84.445011
85.017806
82.61817
79.748202
81.264311
68.075709
78.227059
82.543837
74.724638
66.327211
81.193962
81.42522
83.887783
79.693114
79.536988
80.84079
83.34725
76.21921
68.731909
80.920548
75.228555
79.846812
82.661684
72.493082
72.16124
76.418853
78.890522
80.379772
81.462636
80.291144
82.88686
83.486062
71.35191
68.868761
80.698237
78.191524
74.931143
78.038061
60.516249
73.537881
70.93139
73.755693
71.64736
74.185326
81.085311
84.226923
81.322566
79.116741
70.771832
77.739409
80.072507
76.287938
76.240255
66.173712
72.435274
68.967956
72.807637
76.351148
83.049265
74.079858
73.508096
80.984326
77.380078
76.647402
77.356742
66.512801
55.334465
67.73032
67.922903
73.778387
73.845562
64.084978
67.617785
75.637463
81.767283
79.953588
82.139521
80.356919
75.747331
69.669755
74.230097
71.554679
71.541919
78.776209
81.952656
85.197473
77.046466
83.665106
61.705257
79.485063
70.179474
82.389846
78.375069
69.000058
74.171883
75.475504
76.98398
81.031486
76.467555
76.890203
66.974357
79.534749
80.740363
78.440107
71.635538
87.263133
90.568507
87.502699
89.169385
89.819897
88.251879
88.911021
89.718834
90.077832
90.103177
88.519673
87.684839
88.521706
90.137482
90.401884
88.85003
88.306876
91.008964
92.763087
92.628013
92.394209
92.559729
92.946874
