84.834313
87.184535
84.426925
78.558263
64.358725
83.416086
90.836496
89.852827
88.675368
89.910382
91.206067
88.262535
87.46038
87.822984
87.560164
86.929495
76.081148
72.210492
80.919934
72.89092
80.396533
72.376502
73.590254
70.343967
80.573545
79.818086
84.430629
89.761159
85.295237
78.612638
84.563718
85.523816
71.010361
79.877642
81.566048
70.837396
82.819386
80.540443
83.542372
74.889794
89.47016
87.230813
81.87747
79.251199
73.000631
80.0505
82.555277
76.503251
82.745435
77.312312
68.181959
77.207354
74.631678
68.060381
80.672566
75.721551
82.957476
78.058178
82.132051
83.46646
81.702007
78.511158
80.25401
67.063188
76.963803
82.039178
74.211806
64.840613
79.481057
79.719474
82.577544
78.144958
78.032611
79.446871
82.160799
75.663083
67.675072
79.077185
73.28951
78.186702
80.704675
70.587639
69.85501
74.681265
77.309947
77.983605
80.06565
78.534006
81.187296
81.738327
69.958094
67.573166
79.812338
76.885956
73.865659
76.109314
59.180501
70.435854
68.044089
71.50683
69.34386
72.884025
78.707633
82.315449
79.452903
77.539134
69.591341
76.719511
78.998818
74.306515
74.256621
63.764279
70.889812
66.953948
70.173071
73.738045
81.258928
71.838149
72.527141
79.372433
75.360651
74.56596
75.062271
64.202382
53.970412
66.19637
66.727771
72.46018
72.452242
62.109666
65.385704
72.672513
80.002114
77.817489
79.947685
78.69474
74.505468
66.51479
71.546658
69.238771
67.878747
76.178571
80.186109
83.74738
75.520564
81.841256
60.173488
77.445421
68.854273
80.591932
75.793913
67.254839
71.560018
72.75323
74.923652
79.305489
74.875855
74.629871
65.783999
76.764666
77.223104
74.420532
68.769389
84.843345
89.952874
86.986748
88.737061
89.674567
88.142014
88.227866
88.877656
89.421559
89.886772
88.261206
87.454647
88.277001
89.910551
90.256778
88.650147
88.167897
90.313139
92.404323
92.424508
92.204404
92.322113
92.664508
