99.286643
99.251738
98.776553
98.723287
99.150204
99.706498
98.260843
97.615894
97.595811
98.092748
97.893021
97.774816
97.739841
98.231589
98.477066
99.125274
99.580281
99.861092
99.446742
99.420729
99.802345
99.36056
99.872928
99.398749
99.070582
99.409841
99.727134
98.0604
97.875341
98.396066
98.764723
98.387019
99.062091
98.672365
99.561061
99.420242
99.244784
99.675941
99.487891
99.278869
98.266067
97.668844
99.441196
99.258579
99.476379
98.992441
99.032536
99.029847
98.231252
98.690637
99.255803
99.688869
98.506389
99.230462
98.762063
99.33321
99.307473
98.736535
99.722812
99.453725
98.255065
98.726919
98.991482
99.2429
99.099859
97.869253
97.897513
99.640296
99.342537
98.837039
98.765255
98.834134
98.959912
99.04948
98.682176
98.550453
99.117643
99.643664
99.667764
99.316273
99.824988
99.492437
99.740882
99.08128
99.038991
99.537571
98.56336
98.583167
98.677347
99.313386
98.737829
98.860925
98.703079
98.513577
99.121523
98.904681
99.556707
99.641084
99.811746
99.505871
99.307917
98.932463
99.908659
99.842262
99.448689
99.51271
98.897137
98.592227
99.059407
99.530191
99.403087
99.740258
98.704124
99.602895
99.679575
99.306589
99.423945
99.640984
98.920022
98.690267
99.229791
99.440866
99.627555
99.862412
99.744777
99.323637
99.588589
99.724061
99.624772
99.70326
99.819555
99.806706
99.16412
99.624363
99.113692
99.040261
98.532826
99.646141
99.694207
99.637033
99.849941
99.498738
98.613072
99.303605
99.187759
99.792595
99.728999
99.344336
98.906422
99.12581
99.509264
99.050209
99.802893
99.733361
99.249238
98.751143
99.157645
99.334757
98.917405
99.677157
99.718412
99.909548
99.414357
98.5794
97.746428
97.830599
98.023007
97.55092
97.623174
97.763222
98.58434
98.719771
97.643456
97.65138
97.661688
97.836309
97.630547
97.592261
97.604405
97.67401
98.250916
97.737822
97.711179
97.666939
97.690271
97.725075
