25.207167
31.326096
30.642511
26.005839
20.559968
35.972418
50.11314
32.603471
33.598832
33.917319
35.625073
29.442809
32.24812
32.419852
32.181175
27.35184
19.205471
14.169004
18.785298
14.058519
15.195011
14.921186
17.75813
22.844499
25.073103
22.745276
24.614941
30.676727
29.141194
21.453907
28.650375
21.073228
22.607005
22.726876
21.604744
19.834499
21.908692
16.288399
22.75214
24.252369
37.1941
35.667754
19.12314
17.309483
12.719268
21.385595
26.118428
21.004597
23.199837
16.311969
14.228761
14.046154
18.534129
12.304974
22.97778
16.746806
27.281891
31.542383
19.05269
26.613546
27.392476
22.70803
25.141203
19.534915
24.472233
29.816123
26.010864
18.744691
24.035941
19.353184
29.113154
23.164908
18.380807
17.657007
22.601744
17.895192
14.693679
10.649248
12.85864
15.371419
22.552565
15.182015
12.560437
16.829556
21.916341
16.492307
17.749059
20.845145
15.346291
14.983607
14.294362
11.154829
28.666023
15.885836
14.463243
15.376078
11.768476
10.845776
9.720995
12.681204
11.936416
17.260382
14.821892
21.117869
17.509416
23.902349
18.025155
20.958328
21.868058
11.757894
20.990382
11.069357
14.870771
8.87977
11.692579
14.104072
20.992363
11.084692
15.159441
17.482587
15.63076
13.772075
11.329525
7.93393
6.699692
12.445984
12.378085
16.387984
14.487196
6.763851
9.435194
10.432292
20.878757
17.244002
20.252367
23.381024
15.804399
9.726028
11.604093
9.677579
7.017341
14.055282
19.702481
24.158743
19.609144
20.147622
14.507173
15.576818
16.168398
18.674693
14.219084
13.42973
10.069667
12.226555
15.250139
15.772352
16.074762
10.528503
17.508709
16.429487
16.962973
19.337369
13.901055
25.023509
28.081802
29.239022
28.913049
29.821188
28.027874
31.298204
33.496591
30.23142
35.600196
31.487212
30.223074
30.906188
35.501725
35.474262
34.584651
31.505491
38.055342
46.535838
46.138608
46.942175
46.666987
46.302602
