43.258379
53.88901
53.524182
51.051342
34.654398
58.066938
67.259895
57.707668
56.918079
58.483849
60.641599
54.537679
56.754954
57.117697
57.096888
51.181607
40.244111
35.116742
41.989999
33.456799
36.912475
35.365562
36.73656
40.45384
49.463519
46.183015
48.856547
56.905792
51.989805
44.935725
46.646874
47.958582
39.381696
45.785028
38.614637
41.040937
45.229496
40.490069
46.53877
46.66742
61.347286
57.983886
42.226338
39.875959
34.207111
44.085139
48.287164
42.160344
46.829043
38.901376
35.776014
37.096042
35.1628
30.482969
44.984172
29.08194
51.686337
55.058116
38.913658
50.203497
49.29889
46.016613
53.662947
42.721303
46.394335
53.56247
44.7348
44.64097
46.502436
44.10439
51.96314
43.766941
40.475032
40.011959
45.56419
38.309446
36.825483
37.790207
33.556234
37.196438
44.580805
34.832533
34.128238
31.350504
46.955453
37.890147
41.569078
42.896164
38.719373
37.524069
35.513266
31.15929
49.674979
36.908456
34.801696
34.984048
27.165025
31.36661
29.618052
33.07531
25.209759
39.192385
36.783311
46.793608
43.271496
44.146346
38.366747
38.843683
44.715062
31.486218
42.057825
29.200053
32.12688
32.525639
31.557106
34.94073
45.378022
31.660569
35.680903
36.665627
32.795572
34.674059
31.758173
26.369538
21.826073
36.370516
31.215369
38.633163
35.163379
25.083543
28.237031
32.40544
43.357074
39.09946
44.146589
47.736489
37.060634
31.350313
30.718681
32.911901
27.3762
37.11563
35.753691
47.325193
40.816593
45.306631
35.632816
37.896894
32.874718
43.940107
35.471416
32.629522
33.624274
34.569562
37.944917
38.302171
34.23728
34.345197
35.801266
39.291839
41.011053
41.277555
35.15967
50.347533
54.952044
54.716327
54.589932
55.301677
52.772733
54.008972
58.447574
56.207537
58.922269
55.447925
53.343063
53.229707
59.499769
59.519339
57.983546
56.917095
61.529366
68.51494
67.796375
68.103437
69.065391
68.629059
