40.622812
50.586155
49.997295
45.854628
32.21721
48.323207
65.426288
57.097789
56.070172
57.101867
59.377818
53.14955
55.782199
55.169779
55.319054
48.332495
37.28433
31.433786
38.186155
29.7467
32.668278
31.928883
32.982893
38.117956
46.151399
41.81741
44.461881
54.521018
50.377336
42.600515
44.992876
43.460163
37.277713
43.127193
35.467769
37.878944
41.851337
36.037309
42.688757
42.508368
58.814782
56.480848
38.707229
36.742046
29.846163
40.604188
45.371853
39.181179
42.886096
34.67092
31.607961
31.950384
32.83156
27.642566
41.570673
27.373466
47.948617
51.396119
35.366952
46.673086
46.92856
43.098838
50.286779
39.745089
42.549963
51.794254
42.726754
39.339857
41.792553
38.839081
48.953763
40.390767
36.430529
36.978221
42.425747
36.448907
33.53716
33.824156
29.464448
33.67853
39.967361
30.303613
29.492718
29.079475
42.714733
32.720553
37.525795
38.692265
34.832107
34.15482
31.811478
28.18438
47.289273
34.054381
32.221344
30.732052
24.008998
25.68242
23.91748
27.753829
21.813363
35.258629
31.485121
42.006682
38.883939
39.387593
34.752283
36.179052
41.22187
27.457627
37.993833
24.719008
28.783318
27.923161
26.647227
30.567316
40.883295
26.974677
33.492906
33.90611
29.275854
31.181745
28.218761
21.986494
19.125884
32.448172
28.871858
35.119396
32.062488
22.565687
24.411584
27.420742
39.364617
35.285389
38.870323
42.789858
34.047425
25.561324
26.227959
27.646362
21.968974
32.033663
32.857667
44.197826
37.073513
41.595389
31.57849
32.940187
29.911978
40.087514
30.586812
28.91706
28.890623
29.520261
33.638555
34.421522
31.142826
30.654961
33.163593
34.069973
35.821719
36.280119
29.887525
45.340154
52.751811
53.048628
53.117513
54.851419
52.298992
52.775058
55.915586
53.787243
58.12326
54.63624
52.623065
52.689176
58.715858
58.873109
57.20553
56.217635
59.983358
67.579289
67.137799
67.632446
68.407135
67.942047
