63.249677
68.621151
66.024175
63.863293
54.445798
68.679381
75.303809
70.961939
69.227501
70.919448
73.782177
67.559623
69.231461
69.877695
70.70052
54.25423
57.394105
42.629922
57.094799
50.267557
53.161984
48.230138
55.663135
64.046524
60.889946
60.936351
61.851973
71.442966
64.162212
54.40349
64.368734
58.023729
62.508765
60.212289
51.034018
55.230542
60.486998
52.069201
60.338745
59.728672
74.018079
70.477061
57.97878
54.784173
47.543685
57.6265
62.065371
54.541198
60.160794
52.560052
43.769256
51.721485
56.524011
46.387274
56.884784
51.158328
65.191326
66.314438
59.399449
60.218695
64.017388
59.385808
60.648857
59.61703
54.789342
65.642463
59.390314
49.823504
61.105914
50.680481
63.789313
56.766024
55.004229
50.633568
59.99734
55.555518
52.204678
52.823425
48.158015
50.649669
58.390853
47.392886
47.667276
51.8165
55.528869
51.805163
55.834295
54.063304
47.472186
48.977444
48.722588
44.519921
64.97244
52.919479
49.240098
47.854415
48.264752
44.30822
41.622605
46.044023
43.950628
48.66441
51.494656
60.62311
60.239248
56.909258
50.174642
51.347191
56.061682
44.164598
54.01531
40.205549
48.38099
45.883128
44.478369
47.219683
58.908277
47.55829
48.899328
48.810611
45.198223
48.922902
47.729708
39.056911
32.780244
44.515609
43.746746
48.651135
51.378234
39.382955
40.828586
45.844582
57.452742
52.032404
57.297786
59.504474
50.543241
39.720234
45.52337
46.691132
41.064359
50.612225
55.422998
60.686522
54.477932
59.693663
48.675804
39.046519
44.628596
58.072604
49.67602
47.893369
47.378583
47.454596
43.523787
53.775873
45.880643
48.670751
46.907222
53.095922
53.902132
52.13949
47.519779
63.857403
69.695808
67.27418
67.523149
68.842445
65.99066
66.222385
71.085485
69.505641
71.156637
68.219202
66.690694
65.880726
71.873908
72.248256
70.341656
68.219391
72.825764
78.435128
77.999633
79.452868
78.894972
79.124654
