97.184129
98.125578
96.527576
92.123365
75.405024
94.801376
99.684825
99.555674
98.450213
99.524838
99.894969
98.98056
97.675082
97.579632
97.832665
97.870487
90.814511
87.857019
94.638936
88.514718
94.554439
88.447736
88.66793
85.848732
94.176274
94.141388
96.711336
99.378312
96.456969
92.738986
96.954248
97.652445
85.955156
93.363066
95.127862
87.107998
95.852819
94.788404
96.48872
90.440556
98.663248
97.536358
95.468054
94.102576
89.596672
94.457384
95.711649
91.650302
95.952791
92.467636
85.230088
92.462385
90.280337
85.298447
94.660672
91.088956
95.824787
90.249949
95.660997
95.847222
94.159871
92.513462
93.786729
81.83569
90.778101
95.406048
89.338143
81.075143
93.301703
94.100564
95.258285
93.131386
93.252374
94.235338
95.560415
90.499356
85.05115
93.942242
89.289914
93.416333
94.420804
87.445081
86.403257
90.651529
91.304496
93.12608
94.348708
93.187625
95.308087
95.440535
86.669256
84.44437
91.804474
92.35546
89.623283
92.144869
77.416401
88.114502
85.77656
89.054868
86.879022
89.577682
93.631744
95.558587
93.574309
92.061525
86.604814
92.45925
93.08459
90.520455
89.403928
81.195733
88.358958
84.393815
87.673518
90.161547
94.937578
88.670995
88.09351
94.273798
91.272041
90.621331
91.278528
82.239688
71.56943
83.644614
84.211561
88.857254
88.817729
80.52364
82.653661
89.66999
94.163474
93.126293
94.142817
92.5978
90.688248
84.194841
88.685531
86.436525
85.793762
92.253738
94.60755
96.660333
90.517482
95.154799
76.93016
93.068326
85.039789
94.555664
91.837647
84.493218
88.585274
89.621432
91.012763
94.044237
90.896065
90.970439
82.614946
92.056828
92.437091
90.594276
85.864831
97.174537
99.58144
98.178547
99.064726
99.561628
98.964877
98.835288
98.723389
98.65627
99.543484
98.921219
98.732437
99.143212
99.533508
99.734236
99.017643
98.716714
99.498681
99.982397
99.965947
99.978101
99.933412
100.0
