97.949249
98.585873
96.946236
92.79045
76.398442
95.993499
99.765995
99.604106
98.482062
99.62001
99.910163
99.228123
97.736042
97.659205
97.902666
98.308059
91.56997
88.748132
95.533594
89.45931
95.655008
89.211285
89.592707
86.387337
94.671013
95.148611
97.518956
99.638507
96.600294
93.005096
97.234037
98.304822
86.295786
93.654967
96.146053
87.778103
96.469901
96.032551
97.268328
91.284074
98.727838
97.678256
96.172256
94.90947
90.825936
95.27135
96.250376
92.258436
96.60813
93.197193
86.198661
93.919356
90.899628
86.146725
95.364029
91.890712
96.452446
90.767453
96.946221
96.60825
94.599347
93.101693
94.201356
82.349859
91.357678
95.647808
89.64163
82.08589
94.192649
95.126442
95.846962
94.023071
94.137105
95.061159
96.207544
90.813181
85.780669
95.046899
90.50261
94.423976
95.401154
88.725626
87.92386
91.761297
92.182929
94.557111
95.144674
94.22066
96.261006
96.40028
87.593726
85.340368
92.036465
93.15929
90.289914
93.381131
78.437719
90.305294
87.845156
90.637883
88.52039
90.430679
95.03053
96.520701
94.627622
92.963346
87.420754
93.085029
93.683457
91.813861
90.647676
82.94466
89.435093
85.806055
89.520315
91.914999
95.931055
90.136662
88.691154
95.244393
92.535326
91.953002
92.769556
83.92457
72.625476
84.687167
85.00212
89.704688
89.717734
81.982308
84.209017
91.663592
95.123757
94.433298
95.397358
93.45961
91.469949
86.435713
90.523681
88.050087
88.445063
93.91239
95.607232
97.385841
91.42871
96.105138
77.981294
94.336134
85.923688
95.550271
93.472884
85.745676
90.382135
91.437513
92.330538
95.050048
91.886386
92.425328
83.447609
93.724282
94.519095
93.151165
87.843136
98.306639
99.700557
98.347198
99.237537
99.598752
99.004547
99.154561
98.954129
98.806362
99.603233
99.026959
98.845024
99.261245
99.621691
99.776091
99.076044
98.747226
99.582915
99.98483
99.972417
99.984828
99.943053
100.0
