17.170668
25.804517
25.038843
18.944475
17.477914
31.834999
52.959754
28.538115
31.230128
31.360604
30.755756
25.56711
29.159265
27.394818
25.728631
20.726113
13.326759
5.249179
8.668917
5.47424
6.613986
6.840315
7.573138
13.728858
14.073623
11.767248
16.830234
21.850132
21.113738
14.417117
21.734589
10.985384
10.143154
16.33805
12.450436
10.564135
12.36002
4.504749
14.649063
16.157769
30.570243
32.093123
8.997727
7.924575
1.543935
12.823234
18.171564
13.513717
14.871195
7.335192
4.411627
3.152765
8.240882
3.10096
16.373045
9.643938
19.840399
24.573127
13.254591
19.684607
21.834169
13.547307
20.752014
14.133687
16.671002
28.904092
21.781651
13.711813
16.669167
11.078254
23.028473
14.600329
6.434401
10.961351
13.31394
10.430716
6.446714
5.470757
3.530317
6.551261
14.235809
5.153104
2.821854
7.771833
13.437871
6.835915
11.775752
13.098173
8.410097
7.834757
5.23771
3.698968
22.063239
6.616497
6.045395
3.973287
2.977999
1.522624
1.550717
2.413219
2.035101
9.937796
5.822308
15.856857
18.876867
18.729771
10.324918
14.959649
14.456579
3.063591
14.991185
3.367071
3.754044
3.444289
1.76782
5.437755
13.05545
1.484271
5.324002
8.837025
5.991247
5.142588
3.658843
0.36199
1.385897
5.484426
3.543254
6.373317
6.331362
0.968747
1.37592
1.402523
12.547675
9.628703
11.270844
18.18422
8.061754
3.478276
1.462355
1.300249
0.516191
4.504308
11.389259
18.968041
10.31618
10.16496
5.786032
6.287848
6.584026
13.679727
4.889065
4.389459
3.933268
3.891787
6.789916
4.342258
5.682913
4.651612
11.73903
7.043378
11.639714
13.346716
7.603554
16.98309
17.861765
24.559672
26.781614
25.989177
24.971413
31.151185
29.570002
24.492948
34.600965
29.916189
29.051588
29.881847
34.459013
34.006722
33.415374
30.847922
37.311174
46.400141
46.373976
46.837004
46.899668
46.429457
