40.522382
48.474881
47.574667
41.304377
32.632982
54.132629
68.221628
50.433683
51.509169
51.917567
54.097755
46.339001
49.658724
49.903813
49.554852
43.360041
32.02425
24.503383
31.503995
24.250454
26.245667
25.72172
30.020276
37.106677
40.361418
37.260674
39.573638
47.905169
45.401107
35.184734
44.982753
34.8113
36.899085
37.13194
35.237445
32.717282
36.038848
27.906874
36.884178
38.711298
55.708259
53.801827
32.085587
29.427991
22.413156
34.930388
41.321029
34.216273
37.774701
27.577817
24.771943
24.455164
31.2352
21.72435
36.92104
28.396388
43.032713
48.894736
31.257764
42.162193
42.982679
36.702618
39.965723
31.814075
39.183883
46.129156
41.331019
30.407384
38.309435
31.702239
45.547187
37.449505
30.809507
29.755375
36.585609
30.091795
25.352584
18.97321
22.603816
26.378441
36.556527
26.154853
22.187154
28.660239
35.971736
28.205015
29.762343
34.447784
26.271838
25.762987
24.787746
19.861868
44.642058
27.304445
25.017383
26.52532
20.847874
19.560898
17.660598
22.414161
21.220277
29.068552
25.708895
34.127586
29.250267
38.70558
30.343905
34.701541
35.524458
20.766685
34.013942
19.526023
25.77837
16.190214
20.825186
24.115788
34.405899
19.907225
26.010488
29.589964
26.900854
24.05218
20.177105
14.814835
12.610615
21.89889
21.820329
28.050938
25.090825
12.80376
17.075297
18.885443
34.274314
29.178314
33.497341
37.288027
27.087738
17.476911
20.692611
17.534564
13.349577
24.532323
32.926784
39.189363
32.459667
33.41212
25.124043
26.824518
27.672463
30.928955
24.765595
23.529928
17.974605
21.618846
26.314719
27.115028
27.494777
18.574614
29.292202
27.826343
28.130527
32.234281
23.966224
40.19746
44.556528
46.019029
45.161249
46.878262
44.516075
48.144877
51.276636
47.250962
54.055356
49.01264
47.40412
48.303416
54.040623
54.059449
52.90017
48.905967
56.805662
66.772897
66.343794
67.206356
66.90932
66.520703
