62.030503
73.460663
73.291545
70.834153
48.66428
77.254789
84.843325
77.768578
76.502073
78.341714
80.358223
74.774859
76.482852
76.8878
76.563063
71.102758
59.22463
52.929787
61.440978
50.794601
55.666066
53.470545
54.906083
58.95018
69.448807
66.320036
68.729781
76.986273
71.009608
64.597982
65.959666
68.201831
57.123358
65.386298
56.887575
60.028544
65.170078
59.940532
66.30367
66.126976
80.786763
77.347223
61.896754
59.271018
52.287692
63.556009
67.88385
61.071825
66.755836
57.716314
54.351136
55.823037
53.08794
47.228618
64.139345
44.91408
71.270193
75.030534
56.231198
69.704819
68.568927
65.237063
73.428652
61.036642
65.945333
73.586372
63.809235
64.033443
65.565212
63.357081
71.399933
63.187157
59.684504
58.927377
65.076993
56.848306
55.312647
56.757029
51.305357
55.680549
63.80648
52.786927
52.173075
48.055729
67.039525
56.853185
60.90122
62.456883
57.636969
55.954783
53.81528
47.967408
67.953594
55.707735
52.796395
53.276947
42.609238
48.82596
46.377159
50.989896
40.148404
57.845085
55.555443
66.399965
62.366624
63.67531
57.445699
57.923258
63.973037
48.500199
60.370689
45.385236
49.678323
50.22112
48.973229
52.622306
64.675042
49.096371
53.642763
54.95797
50.149645
52.832976
48.934358
41.928346
35.130726
55.028254
48.237401
57.768861
53.282758
40.091754
44.198263
50.134097
62.640761
57.986463
63.757065
66.985115
55.748883
48.398713
47.891871
50.746356
43.477268
55.999395
53.530988
67.388374
59.765393
64.816563
53.970965
56.888158
50.111859
63.119674
53.970451
50.166713
51.618317
52.809459
56.857282
57.382997
51.915975
52.185854
53.455944
58.037239
59.649056
60.619968
53.176871
70.319544
75.241673
74.903993
74.599287
75.54016
73.081383
73.547411
78.230478
76.291119
78.733067
75.646067
73.69553
73.453879
79.369658
79.437631
77.95168
77.070389
80.952775
86.881852
86.321914
86.55976
87.299292
86.967559
