82.423267
86.445432
84.252731
82.327894
70.846615
85.778017
90.937663
88.601789
86.617611
88.485383
90.620348
86.042652
86.894357
87.197861
88.145022
72.072691
77.322805
61.119174
76.866263
69.807084
73.339564
67.807237
75.669872
83.098453
79.973993
80.675259
81.008015
88.919818
81.807861
73.27078
83.140576
77.759935
81.670453
79.048319
70.288393
74.766992
80.127904
71.889921
79.810826
78.948698
90.671426
87.621808
77.878564
75.031784
67.520447
77.307525
81.261842
74.00227
79.73745
72.466832
62.935221
71.801199
76.627976
65.973073
76.120765
70.926214
83.474377
84.580447
78.787482
78.889216
82.871678
78.212045
79.241892
78.922601
73.583795
84.310809
78.30499
68.003432
80.077556
69.651967
81.731865
76.411051
74.968151
70.086673
79.307086
75.427654
72.403957
73.040861
67.890801
70.421733
77.647636
66.982527
67.613198
71.864731
74.687466
72.024482
75.859718
73.681114
66.44662
68.349391
68.623198
63.586179
82.854097
73.183221
68.9314
67.828049
68.377953
64.225221
60.943685
66.18345
63.484482
68.481291
71.750537
79.814875
79.839526
76.425589
70.431635
71.511759
74.828826
63.291506
72.639669
58.646973
68.661429
65.818615
64.277292
66.854705
77.938085
67.673273
68.220249
68.116542
64.401208
68.930478
67.849961
57.752073
49.302408
63.933495
63.001211
68.421925
71.638718
58.084797
59.433329
65.87559
76.882048
71.881928
77.006738
78.568122
70.589602
58.060018
65.409799
66.768003
60.36013
70.953378
75.441597
80.071253
74.212321
78.895332
68.608322
57.39587
63.716991
77.532997
69.931884
67.794833
67.406529
67.552746
62.588359
74.068547
65.158045
68.853814
65.732597
72.683595
73.123372
72.160074
67.210311
82.804347
87.725343
85.792158
85.881445
87.051479
84.81516
84.529713
88.532769
87.26455
88.663925
86.550247
85.464872
84.626607
89.257286
89.56966
88.057734
86.223461
89.822608
93.71738
93.438362
94.349965
93.999914
94.148276
