88.479167
89.619404
88.40741
85.87145
76.822162
93.075716
94.000437
90.503203
91.266599
91.404795
92.485504
89.034161
89.72834
90.360394
91.76319
75.783071
83.363901
67.124396
82.841155
71.359401
81.535593
76.716822
83.606514
84.754552
84.945204
87.210614
87.442904
92.582343
87.573384
80.645
87.339532
83.187222
86.892471
83.547266
76.08942
83.270361
86.197348
71.353775
86.519357
85.68584
90.888379
90.050591
80.25398
80.897034
77.389762
77.561791
87.03391
79.492085
85.309303
79.238317
69.623801
80.479013
82.700819
74.824917
83.939937
77.243319
88.874851
89.494851
86.464363
85.088852
84.115261
83.23647
85.459644
73.61116
79.022794
88.032183
79.050916
80.92002
86.57441
78.085363
87.895213
83.156473
71.205517
81.687734
85.955309
76.407796
78.595748
80.726077
75.821592
81.383314
85.007498
74.523594
76.671527
78.60526
81.036003
80.953085
79.297236
83.092586
76.121939
78.75823
75.427664
70.031196
85.447464
79.373472
75.108992
79.635166
62.888627
74.424051
71.334277
60.923378
71.789055
78.960476
80.693075
86.613511
84.847124
82.104759
76.61524
74.090513
81.095293
76.379236
79.117812
67.191043
73.291197
74.438076
73.968817
76.774007
85.455083
76.972957
71.576651
81.655895
71.162274
76.855113
76.498195
67.202607
56.356577
77.820025
74.879112
74.68947
79.159911
65.802
68.277517
76.184617
81.412275
77.247781
84.207365
84.737579
76.592219
72.045816
75.314009
76.625864
71.820309
80.640045
82.074027
82.975688
81.562676
85.749375
57.851402
69.308283
66.844614
83.997059
78.525057
67.201112
76.21912
76.922003
71.095826
77.451878
80.408758
60.168236
74.077643
65.940495
81.268668
80.448776
78.234667
87.628877
91.475651
88.536547
86.866199
89.044499
88.03524
89.915054
92.493684
91.132188
91.179531
89.411329
88.393073
88.000911
91.700226
91.944042
90.508927
90.724067
92.852239
95.422922
94.976493
96.229049
96.248916
95.428916
