66.775493
62.928674
82.958328
86.594097
84.059267
85.422291
71.371513
77.624768
85.798869
74.446565
82.481912
72.913156
70.636957
90.837408
65.189084
63.270752
77.603585
78.691588
80.96881
80.592368
73.541511
84.330199
85.600071
81.517627
66.757429
64.414199
86.433533
78.92543
57.94142
86.3295
79.420718
82.666691
71.771875
68.923793
87.447142
70.436931
68.043466
82.779365
75.898905
58.24972
74.98027
71.895076
80.699163
84.796477
59.793276
82.157279
70.431873
78.972636
91.650611
94.074464
92.352074
