38.464558
31.011837
29.138553
37.498456
40.134804
41.112933
30.154744
40.18525
31.825743
29.227287
32.631997
32.930577
28.048936
43.252954
34.384126
36.358673
31.538089
30.098176
29.210401
37.746954
28.422897
35.170036
38.08356
32.015168
27.763798
27.072037
33.398108
32.548392
26.516987
27.296515
38.054083
37.804314
27.066061
34.82607
41.350458
27.571724
26.060916
37.154222
36.046298
27.702999
31.24733
35.446803
33.310636
34.571048
24.275529
29.839827
28.136814
32.596602
46.107887
57.407809
42.132543
