48.966145
40.932135
36.967842
48.016968
43.575173
52.637681
39.352578
48.410919
39.776392
39.252084
44.832536
38.707454
36.987972
56.458405
39.59627
43.063043
36.412198
39.93245
36.912827
46.842634
37.21965
48.022905
48.77658
39.298368
32.864929
35.175517
42.530982
42.584317
39.692923
47.468976
47.490226
48.048897
33.444654
37.561048
51.936283
35.947715
34.953438
43.918542
44.779056
32.601526
39.770507
46.312606
41.779902
45.596664
31.023534
37.15454
36.349931
42.133728
56.524462
67.469127
52.932547
