52.919235
53.076629
47.183801
67.736355
53.163788
66.757106
51.883821
62.921565
56.643922
54.351186
58.685825
55.307739
57.449681
72.083511
61.376222
53.971135
48.821937
53.956869
49.763538
59.78292
49.31284
61.02716
63.765825
53.328142
45.475987
47.542329
61.995116
56.732896
53.430663
62.180606
60.594717
56.619661
48.186882
53.581619
66.855302
54.220423
50.238531
59.119687
53.66629
43.035527
53.85881
60.38736
55.459819
59.760291
43.989526
50.903608
49.071137
57.147844
68.425745
77.650203
67.777741
