57.68969
59.679861
68.005771
74.491333
71.787316
73.231206
59.994205
66.060779
65.873244
62.900156
67.828396
64.624768
57.904502
80.505109
70.329188
57.314399
62.313452
60.192291
55.844401
67.465095
56.727927
67.867686
73.203657
56.836111
55.095925
54.013111
70.795864
66.446653
46.79671
71.871271
68.398248
63.287626
54.35753
54.943298
73.049258
62.920965
57.956974
77.051304
59.617767
48.300247
61.114015
62.993342
68.036977
67.435759
49.937149
64.676289
59.317204
66.258486
78.434353
84.283335
77.589768
