62.52197
60.831915
75.045868
70.06099
71.566812
78.319065
64.748691
69.716121
72.285291
69.085467
76.848896
70.022727
60.933498
84.14804
60.563858
64.894562
61.172605
72.004185
61.10923
71.976169
62.368291
74.941226
79.009804
62.083813
56.887307
58.634727
78.276453
73.252952
51.943478
78.293516
73.954839
80.457819
61.571944
63.837389
79.353122
71.140998
67.222145
79.697143
66.491166
54.172784
67.77294
64.438422
74.702875
74.977706
55.237871
73.847085
64.487096
71.454224
81.523875
85.677229
80.272919
