86.768447
99.484906
91.198791
88.313146
92.347307
69.333647
85.813744
84.260992
54.18081
82.212813
57.915674
88.151292
84.18817
89.926913
57.106625
87.983276
88.366382
82.330537
77.151577
91.046537
86.90372
89.345726
62.935902
61.694042
89.187432
92.518573
72.363365
66.321783
52.80212
61.429764
70.104909
89.656634
68.309591
93.46245
88.77199
90.768386
85.006767
88.670661
59.195259
57.550592
66.41167
81.617512
83.632076
95.88928
72.930392
91.72962
95.607117
86.587736
61.554905
91.899229
93.405393
66.32
73.395521
68.314913
75.377443
86.097014
82.885571
72.994691
85.79731
71.545958
81.802517
