48.159868
48.982832
45.625244
6.820126
11.637925
6.140192
7.086258
3.842339
2.233362
4.000767
2.219522
8.043778
2.731533
7.604547
7.676989
4.724538
5.904124
5.896001
6.092426
2.2225
2.328801
2.567835
8.758063
4.126348
6.129117
15.712021
6.661931
3.907325
6.241947
4.204232
8.502424
3.174526
1.360135
1.288476
4.209851
1.832806
4.393399
2.301747
2.922952
2.253549
2.945849
7.043157
6.161757
7.620277
9.283112
6.758185
12.845268
6.624103
2.661768
1.988379
5.08012
2.235406
2.21838
1.037536
3.124594
2.387168
3.647615
0.983992
1.702494
1.317381
9.452839
