59.677424
66.775246
62.120575
24.659268
31.853803
30.250377
29.360682
14.411581
9.806748
19.796557
11.848698
27.20573
15.317194
18.626817
18.832575
22.096661
22.423497
19.546865
20.165689
18.293349
14.175502
9.162891
22.967102
19.894098
22.065375
36.125072
19.803836
17.674242
12.71826
15.143912
15.038553
15.043859
9.619537
19.244285
13.780718
13.922019
19.907542
19.007767
15.811824
14.003045
16.177492
20.749519
23.242164
29.491262
30.689834
25.379082
35.747916
17.309131
27.498717
22.569701
23.880848
13.428872
15.7768
7.689624
12.977303
16.498926
15.617309
8.027534
18.280254
8.562999
21.763362
