75.789939
81.016513
76.439462
48.302824
54.414901
47.38553
43.803679
40.171803
19.891417
33.633997
21.705307
38.323437
30.96223
46.249168
38.866586
42.458977
32.729665
38.067518
35.998878
42.588802
38.218599
39.17192
49.366801
41.316056
49.698163
49.63617
32.217164
36.000718
23.017597
26.03353
24.337496
38.105798
22.528935
37.160836
33.391068
39.043236
44.609533
39.427156
29.072343
31.22765
37.660504
31.730038
44.328409
54.663357
46.560851
30.667903
58.27142
46.20966
30.683306
36.615084
48.571521
41.424601
30.083495
20.891983
21.473005
35.230386
32.622394
24.839868
36.836635
17.832876
37.201867
