84.174641
91.777559
85.967522
70.640711
75.965874
75.149127
62.383905
58.774365
32.436872
56.768531
35.637995
67.448184
57.174103
65.820924
63.876321
61.775828
54.056209
63.702606
59.135818
67.71722
65.46887
64.909307
45.049813
65.748746
41.327546
75.963064
49.132772
62.61435
41.185124
52.203731
46.034738
65.718477
46.562608
69.59892
58.426996
66.209204
69.911855
64.340997
53.00429
48.706144
64.544064
59.785082
63.56347
65.19943
65.864367
71.545839
78.359829
73.09624
42.497127
61.73892
66.864025
48.153892
55.878019
42.276706
52.079032
61.189437
57.258877
45.35921
58.893023
45.987842
59.378446
