90.40645
96.222111
89.659246
82.271767
85.662999
84.454063
78.316903
73.042389
43.112002
70.354887
50.435576
82.145344
76.000914
83.208086
56.054165
52.826015
72.810307
78.663884
73.11102
82.973126
79.263862
78.962256
76.13564
51.290384
81.457791
84.524924
66.551674
78.331193
49.503471
70.452006
64.870061
81.335828
56.294561
83.106027
73.345975
81.610284
84.869231
78.414277
51.553312
74.336215
79.504123
71.940254
73.534031
82.249352
64.183685
82.465801
77.908941
78.932133
50.19632
81.196756
85.607652
55.687371
72.939339
55.488838
68.266614
77.538437
75.073588
62.630597
74.230533
67.193242
73.152966
