92.756946
88.695785
78.951773
86.49022
91.465419
92.694141
88.322067
85.914899
71.778792
91.778798
90.869818
86.170433
90.575833
86.822382
88.520058
85.958977
69.547211
74.948642
81.267001
83.065009
88.79338
90.043007
87.868624
80.543218
87.993421
91.861784
91.368166
92.346101
89.309494
86.107661
92.519037
89.19485
76.820482
87.512377
94.092022
91.252055
88.017408
88.802892
89.689178
87.938855
75.879436
86.72099
86.685638
73.346727
90.372028
80.585645
87.646054
83.412605
73.313306
84.385941
83.770538
85.019031
77.737105
81.939607
70.828425
59.963533
81.214337
87.082743
91.532506
88.836885
86.349054
91.860571
92.25907
85.038121
86.140733
79.663186
84.924831
82.436419
92.39593
97.428043
