92.624496
88.1433
78.44631
85.436874
89.674212
92.627026
87.038058
84.044943
69.81502
89.732436
89.600533
85.214891
89.337227
86.009465
87.699172
84.836899
69.03478
73.810909
80.233668
82.175475
87.444909
89.333031
86.268773
79.03133
86.370576
90.898133
90.999045
91.894173
88.778267
84.932691
91.472448
88.021477
76.073019
86.445555
92.666592
89.843218
86.391632
87.59099
88.133882
87.420743
75.002717
85.544071
85.497555
72.357546
89.829034
79.656879
86.094463
82.86978
70.733641
82.214881
80.923634
81.587296
76.714062
80.545336
69.410847
58.812589
80.333135
86.439228
90.892768
88.168885
85.657148
91.792842
91.889855
84.288604
85.360631
79.207508
84.278289
81.870509
92.178383
97.428043
