98.172496
98.710832
98.561783
98.736793
99.824507
97.668444
99.153466
99.714202
99.892827
99.495641
99.795147
99.64976
99.561746
98.841872
98.333902
99.218263
99.363111
99.625176
99.564749
99.576392
99.806325
98.011855
98.83081
99.791755
99.259729
98.932346
98.456199
98.741531
98.709201
99.562352
99.892843
99.551431
99.883762
98.850672
99.839311
98.910487
99.935097
99.579156
99.556619
98.244321
99.419129
99.441898
99.801413
99.699817
98.743318
99.615802
99.278577
98.235128
99.076633
99.203538
99.619218
99.407834
99.349013
99.86771
99.767301
99.873434
99.591975
99.681859
99.332707
99.403293
99.115005
97.578255
98.345296
99.255239
99.563682
99.633275
99.762049
99.524878
98.669908
97.428043
