25.233957
33.656087
20.346095
20.775648
16.338164
30.543144
17.828671
10.582947
6.862672
15.487882
19.635152
18.244471
16.02399
14.688697
17.408558
13.302583
12.831865
15.603935
18.020919
10.935793
10.007715
14.080208
8.792174
9.034256
11.774492
14.068547
16.553189
15.312285
19.469678
12.832499
11.229091
13.086989
12.981627
15.426076
15.782839
23.754431
13.024352
16.515394
14.879666
27.122586
17.614365
19.937714
20.993335
17.642108
26.380876
19.748504
9.904364
14.435878
2.460462
11.143389
10.119922
11.703224
16.882646
13.747229
12.034187
9.520273
16.105964
17.457265
19.968422
18.828454
14.069087
20.272798
21.279172
13.450073
11.872448
14.866065
9.200206
12.530945
54.825336
97.428038
