64.013732
63.430757
56.537695
54.494439
55.91144
66.378024
43.656416
41.836436
40.839721
48.7506
45.977001
54.887038
46.625758
51.791366
54.108587
47.433992
51.412838
47.234491
52.818007
53.051611
46.521473
51.967982
44.318414
41.753254
46.47316
51.873587
57.330832
56.717984
57.85901
56.59194
52.151954
45.649248
48.291475
49.507237
45.507814
58.477841
50.099741
50.757086
52.19812
55.443928
45.991321
49.162043
53.648596
43.482581
58.091433
55.818164
42.61924
49.4502
22.405134
42.747719
38.273106
39.942162
50.660434
49.597198
44.935205
46.588967
50.774131
54.795193
55.651796
53.742975
49.377786
61.149846
62.176564
49.71941
48.949192
50.807931
47.464918
48.877512
74.661807
97.428043
