64.804761
64.6645
58.508699
57.917373
60.642801
66.669453
45.971755
44.679679
46.360842
53.848767
48.224091
58.707491
49.414399
54.12907
56.558258
49.761554
53.369502
50.066042
55.859863
56.110695
50.394962
54.286474
48.462193
45.479869
49.699944
54.663944
58.58062
58.111993
59.565856
60.850846
56.900017
47.993619
51.338804
52.415597
49.139417
62.959822
54.253875
54.300054
56.122448
58.105592
48.728949
51.222612
56.337912
45.932796
60.343883
60.494574
47.272856
51.421336
26.368338
47.203232
44.058598
46.051788
54.59
52.972484
49.398433
50.466035
52.996968
57.632283
57.615957
55.715279
51.391559
61.371909
63.480352
52.236618
51.331902
52.613438
49.541866
50.873892
75.286441
97.428043
