76.784565
70.882027
70.055914
67.142038
71.550371
77.791523
66.720016
54.297622
61.014609
55.196295
60.421137
72.693078
68.553354
67.126397
69.367751
65.690065
66.388254
54.517849
62.677835
63.960738
64.611738
68.208846
63.347225
50.208113
63.711132
68.694565
72.905304
72.51764
71.953823
55.575855
61.540772
66.247334
64.934975
65.213087
71.12136
74.114056
66.671636
57.379486
62.805307
69.016946
58.489854
63.907405
67.31458
54.180479
74.27116
64.118195
62.79089
61.695096
52.160191
61.15865
55.770333
57.611073
66.328774
54.08757
60.15107
61.88392
64.514396
70.227234
66.295525
67.96998
67.843223
75.097447
75.827162
64.226576
64.051863
62.795077
66.15052
65.816308
82.23472
97.428043
