79.135963
77.880576
74.935292
74.71656
79.735976
81.175774
73.044435
54.820254
62.901084
75.729341
66.167172
79.403774
61.736943
72.154588
74.374344
71.290635
71.312452
62.745788
52.136024
56.395601
72.1782
74.336315
71.377026
70.331682
71.072104
76.781958
77.468469
77.544181
75.592787
79.684792
62.878546
72.703741
71.522492
71.653348
79.252718
80.55459
73.709042
72.005546
75.899361
67.041719
63.389279
59.877418
67.423759
61.437941
78.24063
68.966515
69.88165
68.356091
54.770637
69.640382
66.40224
68.252443
73.297412
71.066007
57.797698
69.112994
68.890304
78.611079
75.152597
77.68763
70.399897
78.827474
79.635173
70.037166
67.185982
71.518289
71.363833
61.234615
84.549209
97.428043
