89.552203
83.658636
93.323164
92.779853
89.112846
91.247839
94.824187
97.277133
65.645656
74.803408
90.614726
85.694472
88.719087
93.322766
87.928097
89.124189
93.617385
91.081786
73.294836
98.757263
89.874628
85.021499
85.758373
95.69438
93.42992
92.65641
81.682408
88.267718
92.4101
94.066005
84.426558
87.045796
86.491978
94.18171
80.663644
95.454523
86.212508
84.854955
93.536623
93.863868
94.543053
94.549428
87.739843
87.283183
95.21677
82.040925
89.02436
92.574926
95.777666
95.082886
92.739505
93.184347
95.918359
89.88711
89.92428
93.955409
93.46551
92.294175
92.987461
95.450516
95.710645
90.093328
92.263705
86.869495
94.988686
94.968269
94.516706
96.021324
90.242543
94.945963
91.952766
90.656047
93.234603
92.042344
92.992748
75.426314
91.141323
79.946243
94.665477
87.852931
95.500584
91.290422
91.109905
94.593616
86.87226
81.288946
94.785217
76.708928
77.355498
89.909898
90.491234
91.691478
88.826935
91.792487
85.713074
83.239859
82.223924
93.308124
94.85588
93.021279
90.574018
87.669212
90.865634
91.039808
