99.563255
99.350922
98.309364
97.53399
97.959132
98.335739
97.792718
99.472549
99.325727
98.780862
98.273075
98.323666
98.232005
99.792449
98.314809
97.709098
97.988447
98.104158
98.379785
99.89282
98.748613
99.563759
98.350816
99.525534
98.043377
97.810409
98.961448
98.405834
97.671448
97.965358
98.812152
99.273488
98.429438
98.942338
98.887132
99.545407
99.165577
98.097621
97.89721
97.819138
97.627052
97.944704
98.348009
99.206395
98.514333
98.659774
97.986833
97.728506
98.02528
97.59213
98.323007
97.782556
98.586779
99.369413
99.151665
98.096496
98.098157
98.092197
97.686112
97.844248
98.309164
98.122115
98.053046
99.227231
98.17134
97.985195
98.340857
99.251627
97.950156
97.681226
98.62056
98.81556
98.221872
98.376683
98.618518
98.061831
98.304658
98.810666
98.552074
98.467458
98.061788
99.401546
99.094829
98.169442
99.471979
99.408656
98.423622
98.938294
99.022908
98.773416
98.898364
99.200222
99.563204
98.52812
98.81139
97.957539
99.209354
98.389689
98.241043
97.493039
98.523101
98.045192
97.661841
97.497831
