14.782575
29.683653
24.862387
14.173789
15.723289
32.442917
38.577247
32.087523
10.55909
19.957304
28.53757
20.207379
17.955634
14.337786
25.693405
23.969181
32.403301
23.338073
29.264182
29.017187
29.710178
26.244048
22.040231
36.290792
41.489604
45.529804
32.616679
26.914006
37.643658
33.010965
20.929837
17.542227
47.98285
18.094368
22.236085
34.247059
21.858849
43.775108
32.340127
39.012675
43.033211
46.778811
32.013248
25.526301
43.043903
14.649754
40.546678
39.623017
51.274214
65.544481
31.763069
25.089401
30.637955
19.598198
17.546222
31.230053
33.019375
26.887689
27.714515
67.868979
44.218501
50.242774
49.889636
24.829899
36.514119
35.804985
31.006093
39.594127
40.023819
41.638088
33.986812
27.35202
27.993126
22.89
24.614332
42.336065
58.750068
39.000592
42.659272
44.109203
55.333763
30.416391
26.648736
37.416466
21.067427
17.242161
32.022691
21.194052
37.787281
46.128464
26.551421
35.340972
15.571478
24.297294
25.095605
41.305276
37.615258
35.018656
33.900193
7.567738
59.083261
24.308365
27.934887
30.68662
