29.104274
45.310056
43.494549
33.360342
32.675783
49.029914
54.900705
48.387669
25.275725
34.311908
47.117464
35.652967
35.099452
33.901986
42.321868
40.967478
49.211202
39.02955
47.015289
44.212382
45.007772
40.826517
35.882874
58.642911
56.104578
58.239673
46.015105
43.941443
53.69021
51.490553
40.099245
31.276303
60.001725
32.420963
37.004824
52.762835
40.107888
56.528294
48.260699
55.286799
58.666179
63.031375
49.583929
40.90624
59.072067
27.826403
53.889838
55.183789
65.89553
76.314763
45.851324
40.392903
42.688475
20.728916
33.333311
48.899361
50.155296
43.399213
43.99602
77.185433
61.179675
65.166479
64.670403
40.942865
53.540956
52.681271
48.140585
55.960334
55.668113
57.881961
51.897062
34.080514
40.932572
39.121224
43.67301
53.376984
72.368303
54.412225
55.819036
59.398041
69.01379
46.383656
42.556682
54.572675
39.697348
30.898122
51.903548
30.475266
51.091885
59.012243
39.625652
49.828081
31.951499
40.551326
35.274139
51.661772
52.190872
51.134233
45.483272
26.318574
65.962971
43.286565
45.64829
47.87811
