49.042286
50.809031
65.876005
58.405437
56.767124
67.000674
73.368961
66.324451
42.464877
51.779661
67.685089
59.396311
56.718974
45.195164
63.040067
64.109385
67.292057
59.281534
51.126985
60.848647
64.101519
60.344389
54.907212
64.47784
72.360457
72.42492
60.446678
63.478868
72.916554
69.928999
51.574375
59.093647
70.055009
55.854223
50.941585
70.789282
61.018899
68.46509
68.562012
73.362469
75.357602
78.991834
68.678093
60.888534
77.674769
43.751159
68.311415
72.346438
79.872531
85.374789
59.641394
61.31979
52.819289
26.830843
50.197099
67.94549
67.962272
65.251042
67.74977
82.960849
74.523041
80.140258
80.079722
57.20899
72.107765
71.60409
68.767196
71.362884
74.347502
72.692306
67.806389
61.054444
67.5038
58.969586
63.968808
64.772054
82.160025
71.589051
69.386154
69.98254
81.290883
54.061473
61.223288
72.57015
53.177329
47.601106
68.193425
40.085803
70.524636
73.958019
57.09453
56.96747
50.719741
60.124092
69.306225
71.283708
68.827314
59.053482
69.872236
53.573012
72.952941
61.68828
64.324371
66.041058
