54.778662
54.584052
67.531391
58.616514
58.096938
69.730838
74.305396
70.957669
48.514115
53.362273
68.701196
60.224623
59.460947
47.306221
65.197086
64.800459
69.849227
60.553693
51.613805
65.230232
66.698636
63.753276
57.638129
67.248708
74.445704
74.263731
62.770828
65.00246
73.362044
70.788764
61.049896
64.69279
73.239157
62.485941
53.768805
75.038585
63.990006
70.724933
69.621225
74.496965
76.190574
80.598008
70.925818
63.173725
78.861326
51.050456
72.152715
74.154624
82.452349
86.145451
62.294525
64.674621
54.731399
30.017158
56.675565
70.195928
70.136351
66.604239
68.242064
83.380299
75.454716
82.100704
81.844726
62.454165
72.827415
72.430355
70.417489
72.661772
75.55037
73.532896
72.275065
65.931295
69.835779
61.8275
66.299755
65.656556
83.661164
73.826204
71.076535
73.106067
82.841986
56.110085
64.16975
74.922694
58.235569
51.66965
70.052319
42.063263
74.348501
75.044447
60.110514
59.069999
55.921857
63.623419
71.982092
72.425508
73.097346
61.171886
70.668555
53.589387
73.965044
63.491007
65.658063
66.543482
