68.049826
77.406205
71.932125
73.720512
71.420371
79.526186
83.893437
82.712907
60.830142
62.821168
81.039595
71.945394
65.239902
73.41018
77.033954
76.961353
77.990079
74.250262
71.856497
81.77436
77.664753
74.654972
67.755187
83.832585
82.654981
79.80017
70.858357
75.137873
82.886396
81.84953
71.30812
75.511766
79.654861
64.190723
75.921476
50.717316
64.345092
80.145491
79.233001
83.871922
84.670506
86.730489
81.059912
73.775254
85.023902
63.579019
79.66133
83.122972
88.884107
90.162953
76.02198
77.183728
79.160554
71.874491
69.110084
80.461782
79.267563
77.551279
78.91816
89.409422
87.021284
88.751877
88.594988
74.023691
83.408193
83.084361
80.907292
81.627029
84.350824
84.718205
82.142189
73.95119
79.67308
72.943346
77.328442
72.053456
91.112458
76.63947
78.349132
79.93122
87.32682
74.27253
74.786884
84.287876
68.199917
62.731416
78.610598
48.178399
81.494153
81.039727
71.889457
66.230362
68.655487
75.586293
74.475734
74.710657
65.848284
83.023759
73.355796
71.433822
79.684284
74.902867
76.390457
76.774733
