77.006787
77.251803
75.332533
77.950257
76.020917
83.490118
86.780934
88.170799
71.038999
66.432809
82.200665
74.442844
78.495089
81.197015
81.268575
80.35437
84.500665
81.097502
84.310959
78.449584
81.968955
79.74222
73.593024
84.331677
86.161109
84.681116
75.002982
78.37097
85.361413
85.029264
79.687431
82.336979
85.877107
72.694723
73.814379
62.851749
69.006325
74.89245
82.639373
86.701404
87.247854
89.555246
85.758697
78.034809
84.620612
68.366371
84.788983
86.534946
91.981059
91.567669
81.688542
82.555376
65.21724
79.516022
78.268523
83.856122
83.569163
81.401376
83.71696
93.263417
90.493482
91.566133
91.692294
65.198349
85.856634
86.072264
84.942339
84.752022
87.000692
84.312878
85.723954
82.488817
84.837232
79.901407
82.259833
73.727728
90.699783
56.597495
85.565169
87.328842
89.802446
66.147964
79.706991
88.008231
60.372553
69.710634
82.242489
50.229547
64.539197
83.93868
77.316172
82.998773
78.27959
75.573925
81.635072
76.535514
87.051421
86.294106
85.29616
76.13253
87.238011
76.718465
79.57005
79.702451
