98.175727
71.897597
95.640877
91.624552
94.583565
98.258917
88.889011
80.641711
69.331492
93.710127
62.332563
88.915376
85.444727
96.766242
95.631977
97.099721
97.379832
78.63917
82.909848
90.265884
66.789917
43.800978
54.626769
94.198139
94.843799
96.004607
85.392542
96.022639
96.255767
99.172867
72.70693
45.782465
79.871406
87.744858
87.833872
90.860546
84.756267
91.929126
85.18556
81.077313
75.895171
70.429019
77.635092
89.823305
92.576286
90.577398
89.226104
90.779943
80.442549
94.135972
90.842055
79.245207
96.5232
100.0
