97.134346
70.613671
94.58958
89.458524
92.520467
97.167346
88.047275
79.793417
68.802007
93.13115
60.956719
86.105696
84.640391
96.070572
94.472476
96.764852
96.700954
76.587224
80.426518
87.480409
63.987361
41.812242
52.564927
92.788659
93.474349
94.778781
83.735867
94.534829
94.882811
98.467163
71.877332
44.400966
76.584871
83.609423
83.422114
86.031509
79.142708
87.765065
82.519584
78.067469
72.765344
68.542642
75.532969
86.834921
89.224822
86.337061
83.815551
86.519791
75.50103
90.110878
85.346706
77.024516
95.646199
100.0
