49.064305
20.452091
50.55876
19.244438
27.284358
36.584211
35.633255
25.440235
28.847346
25.80664
14.195543
16.233513
26.980869
51.962528
37.946892
56.065062
53.55464
14.498372
19.495723
21.006092
8.166054
7.422647
5.712893
34.140939
27.04076
30.678375
28.871851
31.570806
26.232123
38.884501
23.702262
13.672967
17.28792
14.191065
7.024857
6.746181
7.550746
16.912398
24.248523
20.385279
13.161629
19.48195
15.43796
5.218785
10.26319
11.503568
6.611472
11.87439
8.084517
20.252387
6.579209
9.796662
39.144146
56.540316
