78.668844
46.654471
77.045735
57.106762
62.543297
72.670623
72.066651
56.184314
65.040048
58.3964
59.533628
56.616603
64.515955
79.720667
70.123203
82.227974
70.663967
44.440906
49.282679
37.20794
34.472496
24.709595
27.24235
67.803441
63.825057
67.016116
48.585541
60.731168
67.86365
71.710772
50.947362
34.678462
39.286736
43.453373
39.089734
37.272298
34.764652
49.357984
55.890839
26.975814
32.080886
55.579638
51.227872
31.36512
43.553361
41.51738
32.256527
41.191004
35.053149
48.697257
33.701156
42.058697
73.000571
87.369844
