82.860575
52.033817
82.610185
64.840304
71.140006
77.802266
75.673665
60.158836
69.169549
62.338688
68.90221
64.26651
69.721287
84.333839
75.38859
84.938282
73.097498
49.882336
55.702027
43.337798
42.264441
31.452708
33.510398
74.864424
70.618437
73.226161
53.358558
65.102163
74.777713
77.053046
55.430309
40.105382
45.504826
53.750446
49.464508
49.251753
46.975381
59.603706
65.085584
33.249468
38.684996
64.820328
60.647695
40.9041
54.880379
55.237262
45.075043
54.287727
47.963926
60.493963
47.037827
49.211727
76.659952
87.629696
