88.645143
59.096299
87.4689
75.554801
79.914126
86.18547
83.526391
67.999623
77.264908
84.864726
79.181422
74.079987
67.829725
89.875398
83.367851
91.536512
90.702402
59.722432
65.286564
62.225748
50.86701
64.337275
41.327676
82.524385
80.078447
81.78114
79.309737
72.499371
76.944779
81.534878
66.878583
48.816632
46.767932
45.469392
63.356362
62.556964
58.932331
67.955054
69.118848
46.391175
62.514946
75.498164
61.937058
41.090059
66.154872
67.548115
59.063934
66.539689
60.04763
70.175824
59.396296
57.664529
84.850976
94.401494
