93.349458
65.427682
92.014337
84.491308
88.603918
90.361026
82.427177
74.571727
81.246742
79.990768
73.676794
83.25758
83.087418
93.7885
89.461757
92.708012
92.960965
68.149038
74.56857
83.129497
60.474369
47.389385
48.919475
90.040314
87.905614
89.079369
79.38624
88.00329
83.613933
89.608226
69.491662
64.147721
62.910053
45.7971
78.502508
78.729837
75.62338
81.928177
78.634451
56.253852
70.837829
76.326037
79.884716
80.997355
80.121493
82.350418
75.694172
79.845848
75.942644
85.707354
73.512801
68.72109
89.487555
95.918153
