83.611715
99.222581
99.975328
91.519254
99.041101
98.802273
94.620748
98.930448
96.059595
97.805911
98.262258
98.934728
94.040367
93.36325
99.58692
98.331597
99.617868
98.483823
97.710712
99.25084
94.023694
99.975449
97.0079
91.848054
89.270203
89.519368
99.296689
92.797614
95.354439
98.113523
80.119161
87.778062
88.501714
98.515721
94.883666
94.283087
96.152565
97.473244
98.047872
98.304494
99.820043
97.507465
98.956145
99.986088
99.944678
98.114954
93.984337
99.73553
92.789127
85.390494
99.134998
91.07335
94.701764
95.287029
92.212963
99.349463
98.303251
95.326241
92.278425
99.415178
99.859933
99.979784
99.958408
92.938542
95.745871
95.524967
99.953483
98.795009
94.861189
97.773272
69.960252
93.554943
97.564059
