42.335036
40.085569
52.282527
42.637787
46.738176
51.803205
51.913708
51.95361
51.381208
53.512438
51.959529
49.793404
55.858921
54.365764
53.291613
55.127882
52.027929
53.07924
51.983768
52.182036
50.718162
53.101855
52.218868
42.28176
49.217874
51.130841
45.951078
48.505606
49.014162
52.579092
41.842452
46.433598
51.38992
50.859825
54.492854
53.594359
51.227709
54.411145
57.495426
55.544885
57.714484
58.333323
49.208024
54.8311
55.509716
53.343287
49.019364
56.095591
52.849853
49.814035
50.174155
49.839859
54.328719
50.637509
54.020821
53.113439
53.750104
53.752609
49.816032
51.236151
52.830221
53.689776
52.051949
52.018362
52.240744
49.816399
51.351488
47.841733
51.464573
52.03676
21.75286
38.894636
42.741814
