60.653243
55.796573
68.121125
61.633453
64.069266
68.638918
66.727108
66.629515
70.809268
66.171941
68.8512
70.371547
69.924386
67.939959
67.629521
69.964785
69.571966
67.501023
65.569749
65.560099
63.269672
68.182452
64.575467
68.61507
63.903117
67.786442
60.169967
63.228297
66.379545
66.976326
69.826668
65.977642
66.598962
63.776013
69.23942
66.4556
66.515605
68.055408
71.289534
70.929327
71.476245
72.170565
62.825006
64.764631
69.24678
66.547391
62.912354
69.87105
67.485708
68.673724
66.368331
64.266868
68.870452
66.977691
69.747486
68.345148
68.599801
68.078344
63.481163
68.80178
69.54139
67.528864
66.001546
64.384626
66.860878
61.314011
66.969003
62.187479
64.109673
67.272403
33.553596
57.077023
61.183056
