66.732373
72.632438
80.953498
79.393196
79.934581
84.446768
82.225819
82.740911
83.599649
79.340389
84.507732
85.949011
85.872878
86.657563
83.292657
84.683397
84.980101
83.941247
82.608267
86.077307
80.453546
84.802578
82.412385
78.486799
83.897372
84.621983
75.792045
80.306057
83.256517
76.093918
86.199428
70.681769
86.210273
79.014573
84.715421
83.257669
82.80222
81.825066
86.268962
85.123859
86.034807
86.546024
78.074564
84.333402
83.495489
85.953279
79.650117
84.186047
82.904831
85.093856
86.157759
79.981314
83.968152
82.557156
84.842149
83.658094
82.544277
83.923351
81.552657
81.163274
85.212722
81.884501
84.259295
79.412524
77.801146
84.0149
83.870006
75.585656
81.27869
83.850981
46.090446
75.464452
80.428093
