64.487613
70.455905
79.300219
77.445301
77.977804
82.495353
80.54498
80.988719
81.971825
77.633059
82.710281
84.153761
84.601965
84.766218
81.261878
83.390301
83.501931
82.109287
80.768648
83.917528
78.369496
83.354583
80.835065
76.562011
81.499659
82.303898
74.116606
78.406406
81.498317
74.727302
84.254752
68.642078
83.911726
77.555974
82.832633
81.537759
80.927801
80.584389
84.538586
83.787943
84.868419
85.091632
76.285174
82.531781
82.021982
84.649553
78.178801
83.121832
81.238183
82.85034
84.152224
78.420682
82.344219
80.934598
83.003385
82.369177
81.018541
82.548901
79.972208
79.861651
83.660995
80.711801
82.920707
78.120229
76.477962
82.199252
81.64083
73.845898
79.369532
82.429086
44.661507
72.961183
78.468973
