87.888223
79.03425
87.473654
85.246305
84.35981
90.746549
87.042801
90.722324
92.546067
84.993811
90.905896
90.569094
88.22048
85.902395
92.328872
91.787872
91.529305
90.565478
89.32111
91.988266
84.549648
91.627419
88.892432
84.851553
91.013642
91.756717
81.624404
87.27136
89.277088
84.180228
73.97957
80.116022
89.812426
85.608479
91.33221
91.675153
88.91965
92.086998
92.054457
90.871886
91.994298
92.248563
89.30491
90.53255
88.451779
85.06888
86.313856
90.670966
84.684738
87.159838
92.233656
86.149788
90.356526
88.88267
86.425191
90.507236
89.579885
90.53876
86.705599
88.930091
91.904324
91.002817
91.20239
85.08923
84.628286
87.012503
90.595912
85.103598
84.943359
86.913574
48.023712
83.427656
87.241096
