97.226759
95.809079
96.611194
97.036098
83.647273
86.028315
83.78494
89.843731
88.439448
95.972637
75.11937
95.17249
95.472851
97.618126
80.31222
66.4953
95.543552
76.804409
91.616304
96.523051
93.862691
95.218131
95.667251
92.683019
84.643854
81.265446
87.647124
96.086607
84.231301
87.06309
87.368944
96.369553
96.762983
87.834356
96.202325
96.891234
96.399352
72.74597
92.305648
93.545367
86.854792
97.302995
94.97924
96.678269
90.466722
89.280635
66.851667
90.672911
96.263311
87.86018
73.390326
89.361903
97.331434
88.294171
96.73244
98.927449
100.0
