96.521402
95.467839
96.083753
96.439011
83.25048
85.418509
83.277183
89.327307
88.023525
95.391002
74.810872
94.691721
94.580711
96.938448
79.55137
66.084323
94.737674
76.474573
90.953248
95.729661
92.644446
94.069195
94.818345
91.999196
84.087648
80.745929
87.294993
95.330405
83.623082
86.646674
86.328854
95.700573
95.970256
87.186801
95.342914
96.036097
95.583496
72.04937
91.51504
92.297787
86.247057
96.747722
94.516888
95.709602
89.981271
88.785811
66.494716
89.737289
95.515559
87.327352
72.348515
88.71699
96.575271
87.596512
95.862951
98.594061
100.0
