70.788381
81.001557
77.432683
70.848213
76.239122
61.811835
72.892315
72.905286
73.550428
72.538841
53.02172
71.560575
61.195263
59.146194
57.919368
61.487989
70.249621
61.040049
44.604668
59.467308
45.096791
68.723036
73.400701
69.617342
57.503913
54.644984
46.953403
66.226484
71.619347
71.511079
54.892793
68.418591
75.282175
51.664195
73.443883
75.073219
61.311957
66.888006
58.839929
62.676283
63.529387
57.813167
59.071841
64.514223
43.932377
58.141615
44.250197
55.580782
64.247085
55.306349
45.377883
64.36821
71.867398
61.179059
73.892184
87.385085
100.0
