77.77841
81.177683
75.564674
75.508497
78.179771
63.171222
81.744139
83.933821
77.908005
77.986773
63.607303
80.108467
80.097961
66.076357
69.221111
59.689856
77.087947
80.232968
50.437851
51.35061
51.075615
80.706878
78.939044
69.143825
67.735858
51.214546
66.261374
73.175999
78.171363
78.465571
62.933535
69.404712
82.041363
63.519667
79.728321
81.903642
64.556876
70.218305
69.15458
56.939283
67.381691
66.981913
68.295672
73.230052
66.230722
67.03717
70.864723
51.953471
72.573713
64.128504
54.732933
66.891703
79.51738
62.220967
80.552624
90.053425
100.0
