84.535126
84.183618
87.924195
82.304252
80.282891
72.876234
81.859424
88.24213
81.960781
83.895368
67.254863
86.986569
70.321835
75.983114
71.773025
72.298764
83.547353
85.790635
56.542565
57.072338
55.803904
82.5629
82.717919
82.758504
65.659255
55.657264
76.828326
81.262581
84.88311
85.345976
63.938807
83.302429
86.967533
69.230298
79.637131
87.247487
79.653608
76.351126
83.333747
76.42437
75.885339
73.945167
75.199963
82.046166
55.193474
74.747058
57.391389
64.375635
81.498845
69.946042
68.261753
68.537065
85.700462
77.089625
86.037816
92.817103
100.0
