86.066865
84.579788
88.972979
83.47261
81.477379
74.037084
82.816698
89.68496
82.874447
85.12553
68.150322
88.204449
71.560002
77.314312
74.425005
74.145339
85.65747
87.400113
57.501838
58.141328
57.544223
84.99653
84.334998
84.399875
66.536845
56.603952
77.605692
83.132581
86.397764
86.843216
65.768059
85.002075
88.892241
70.503634
81.372709
89.216667
81.535228
78.665604
85.18052
79.707744
77.451606
75.164608
76.220845
84.049941
56.002444
76.166918
58.3007
66.36218
83.04035
70.823741
71.445218
69.872027
87.605098
78.624409
87.917782
93.261207
100.0
