81.46937
92.765447
91.912462
90.683167
85.031666
75.590088
92.320156
92.039037
85.103996
91.141983
69.168424
92.053464
90.155092
81.983591
64.26523
65.694331
81.805311
91.167025
65.757919
61.156375
86.408525
89.493639
87.012977
67.218455
69.114623
65.386896
83.675934
85.728251
77.244049
86.467712
75.705408
89.86081
92.429623
75.026123
90.936125
91.863463
86.348862
88.661265
82.905185
83.530242
81.576183
84.499081
82.78463
88.932964
64.869384
83.074676
62.107735
70.300488
88.165761
79.812055
72.60612
68.94485
91.964386
72.78917
90.615054
94.709519
100.0
