92.767238
90.416825
93.798494
93.618749
79.986322
75.725229
94.166194
85.343975
86.593007
93.441099
72.547541
94.27029
92.942813
84.397119
76.737261
65.772633
91.948605
80.406018
81.655102
65.585817
78.32934
92.622041
88.354048
91.466462
80.813388
89.840438
81.62746
87.960335
78.959305
93.756235
69.973534
91.135556
94.595326
82.539754
92.455994
94.289549
90.571432
90.593637
84.651825
83.893437
85.08652
87.606895
82.860788
92.199496
85.78539
83.994516
62.723567
58.384906
91.129362
82.342269
82.933248
90.453372
94.625094
79.793758
93.409393
97.401285
100.0
