839555
1131579
1403191
1282469
1578575
430621
1097851
1258253
1521813
1246961
1301091
1442605
1373039
1353807
1361267
1364531
1375615
1183674
1183140
1259630
1335170
1202792
1376855
1503613
1384065
1405455
1404908
1505939
1359070
1528021
1354502
1198145
1244334
1127390
1383208
1492373
1209503
1212801
1457162
974457
1304729
1208797
1159340
1210320
1207272
1524833
1273809
1232153
1464620
1283503
1321353
1502728
1290832
1173675
1315763
1220678
1252696
1305726
1349351
1374306
1472668
878047
1176219
1353857
1378199
1252466
1276978
1373526
1037309
2388
