665105
874422
1098489
993491
1233003
376402
870869
977373
1191758
980813
1007221
1122078
1068535
1041525
1062347
1047282
1070079
932663
929313
979253
1048460
942617
1077451
1176729
1087961
1098665
1107250
1180853
1070048
1201969
1052659
927468
978157
875336
1087753
1165361
952087
951201
1145919
766023
1020385
949363
917167
945157
947635
1168241
1013458
958275
1147122
962291
1014367
1129386
1024847
917652
1030380
952523
976078
1039240
1055988
1065972
1152441
692472
943258
1054016
1082504
995529
999946
1059873
820601
2388
