1077742
1531979
1991546
1870480
2339584
544166
1630700
1899095
2237001
1851444
1878071
2044953
2026640
1924531
1905858
1982517
1997312
1905346
1784772
1735189
2132778
1668783
2012283
2168491
1942362
1833662
1809220
1882126
1916983
2232729
2008209
1936413
2033039
1738998
2027867
2120383
1868910
1824558
2156334
1244191
1946392
1798572
1711104
1822320
1712876
2243475
1851249
1753135
2146414
1828830
1938972
2081620
1869676
1845426
2129556
1983553
1810907
1885691
1837539
1883751
2067993
997976
1605631
1980889
2010269
1817085
2008299
2068940
1347857
3743
