99.486632
99.89282
99.794649
99.847188
99.806701
99.784164
99.592153
99.667694
99.079774
99.397433
99.298422
99.056005
98.489727
98.634364
98.483758
98.622554
98.525672
98.635056
99.105907
98.779403
98.784643
98.570991
98.88309
99.388119
99.257781
98.736384
98.071007
98.156057
97.992959
98.389532
98.037933
98.11467
98.784502
98.67306
98.704641
97.927567
98.502493
98.272791
98.302657
98.206427
98.381009
98.236591
98.345998
98.016074
97.984953
98.776935
98.102775
97.828157
98.037903
98.22668
98.116149
98.102545
98.553049
98.7106
99.005654
98.755373
98.905052
98.683675
99.40792
99.163547
98.957196
99.152743
98.761776
98.308478
98.360551
98.99325
98.773558
98.472107
98.453163
98.914446
98.465069
98.740167
98.788451
98.424937
97.980121
98.304382
98.531737
97.899821
98.085881
98.568919
98.339957
98.602569
98.453773
99.112966
99.41164
98.901781
97.989731
98.62928
99.334478
99.63787
99.697537
99.63485
98.642593
99.087281
99.226418
99.195025
99.152411
99.185764
98.647354
98.572274
99.491184
99.449172
99.419114
99.177881
99.255297
99.280474
98.255157
99.216741
98.317474
97.734664
98.172861
98.138016
98.301606
98.287408
98.413678
98.67505
98.530073
98.420945
98.437073
98.319362
98.070422
99.005068
98.597925
98.743547
98.225191
98.579222
98.236125
98.741091
98.340213
98.103177
98.303935
98.473697
98.292259
98.021711
98.680097
98.439623
98.03139
98.628384
98.686221
97.911057
98.145364
98.660117
98.093827
97.735538
98.86949
99.73907
99.706235
99.371624
99.207533
99.377136
99.261817
98.582346
99.159281
99.035809
97.428102
97.428062
