23.78811
15.642208
12.557869
23.531419
21.419697
26.050594
30.577912
27.205098
29.975892
33.601756
26.211623
30.221934
30.251286
29.33901
32.589761
33.744025
35.116019
33.960266
30.211507
31.586419
28.6911
30.548267
29.755243
29.143727
28.321204
32.961692
33.049387
35.230022
35.031217
34.845437
35.631813
32.888597
33.997548
30.654644
29.788241
31.191457
30.856798
28.535816
30.458134
31.820161
32.343175
31.561606
32.305338
34.563629
35.970178
34.561287
34.537611
35.744289
34.117483
34.740758
34.284257
32.489925
36.000628
37.369525
37.239741
38.718113
33.206689
41.802367
30.674414
33.577936
36.759637
36.842768
38.223629
40.435322
39.794374
33.185159
38.69341
35.426613
37.531446
38.485867
34.720238
39.980451
38.395059
39.325817
41.644579
41.305098
45.113505
43.807754
39.116831
38.492489
37.33868
39.60976
37.79973
37.725782
31.747569
36.497138
41.684874
40.086774
32.228675
29.463782
39.003442
28.187435
38.634573
33.456994
32.029072
34.036461
36.799915
29.411168
34.568592
32.12107
31.871299
35.849266
34.897784
31.852896
37.79867
28.889597
37.522297
36.500234
38.279013
42.033482
39.307611
39.117145
38.681908
37.387171
41.356464
39.623217
38.823039
40.465216
40.303016
40.494447
40.412859
42.703623
35.930749
37.054131
38.603309
38.324218
39.409194
36.323552
38.495304
40.412924
38.668735
37.554124
38.145176
39.530511
38.238485
34.708427
38.928747
39.42771
33.639566
40.620286
39.418772
37.681599
39.28266
40.878609
32.736874
17.530756
19.45912
31.652493
35.45242
33.644981
28.378436
28.88956
24.315165
22.398643
23.496132
23.508996
