44.400737
31.248649
30.733474
39.872318
36.319363
42.728628
39.628584
41.979841
44.532413
47.847266
36.897266
42.258518
44.932782
47.039717
47.491885
45.898741
49.102896
46.638096
44.666915
43.476564
42.690731
45.613553
39.033053
41.400117
46.390437
47.007006
49.346204
49.531361
49.729613
49.583025
50.277081
46.4973
46.472034
45.214277
46.862936
48.325704
47.455249
44.936164
47.022497
48.915123
48.337413
48.15659
48.907365
51.539885
51.063825
47.970324
52.05541
52.319834
53.827441
50.388554
50.670915
49.644999
51.540821
51.279211
46.306237
46.077277
48.56069
57.955527
39.011657
45.551667
46.278124
52.368975
51.762639
54.645714
53.829524
50.673511
50.997209
52.31845
50.695281
44.271984
48.294358
43.844469
43.567153
54.426686
55.343952
43.980522
58.87018
57.418484
51.894895
52.626097
55.420846
54.449439
51.509771
51.706941
45.192316
51.632055
55.943381
54.255171
37.546353
36.227387
53.63636
43.097548
45.576538
45.684835
43.888204
49.406526
51.315347
53.028716
48.919348
54.018907
41.829555
50.508797
50.094052
49.021213
52.308138
44.397944
53.335429
42.680355
52.611366
54.988365
52.763467
52.391135
53.346493
50.142464
50.027817
55.183953
53.372783
54.807469
53.694204
55.209295
54.377556
55.571919
48.09099
51.388888
53.432942
52.637139
52.519961
48.367497
53.591868
54.189921
53.50279
50.544722
53.257911
51.393357
53.569094
48.095197
52.481102
49.813554
52.733864
53.682173
54.491524
52.792214
51.174622
54.99691
46.155933
35.708279
37.251787
48.224446
52.032704
49.347776
44.214131
48.272885
43.171576
40.773322
41.365717
41.421259
