42.262669
59.135609
57.407431
49.236117
56.453369
61.378763
62.655575
59.033816
56.542368
65.092313
52.796781
64.287599
63.476525
65.768018
65.277104
67.000124
67.745788
66.056843
60.966369
61.958273
60.084493
61.016209
63.253475
53.91725
55.851106
61.388452
66.546352
68.091796
67.744278
68.668769
68.858869
63.961605
64.100696
59.914263
64.171415
67.072704
68.146318
64.687343
65.447858
66.731636
68.471273
66.665544
68.289769
69.762505
69.601385
66.174137
68.943884
69.257041
68.536323
63.311236
67.009396
68.928081
68.625373
67.555008
70.202962
66.908186
67.705934
73.333351
52.983453
66.156892
59.31314
59.922573
62.955376
70.599241
69.084142
63.507218
70.551789
63.271022
70.465579
62.725152
68.869532
55.870066
69.405657
70.874496
71.086927
62.112925
73.935971
72.406152
69.443172
70.039184
71.60135
71.741445
63.107959
66.710894
64.653431
62.783278
71.72137
69.803484
48.306641
42.949792
68.644971
53.337831
60.514732
62.779375
56.686892
63.715023
67.297215
68.254112
68.339342
69.70533
54.876996
65.688605
61.840812
56.970501
65.833371
58.827459
68.741203
67.102165
65.927083
72.249118
68.321654
65.400067
69.414607
64.735761
64.545558
70.909553
70.202659
67.196826
69.658122
71.259966
70.836679
66.821319
67.64621
67.170222
64.540135
70.610924
70.113836
70.429006
69.477977
70.975646
69.256876
70.310644
70.537542
70.012349
69.752873
64.45147
65.242931
71.129682
69.582718
71.139529
68.837117
58.793816
69.666711
71.644668
65.951719
58.579561
59.11881
64.447513
70.087342
66.513537
51.712807
63.371735
65.344664
65.729755
66.951113
66.911944
