75.851423
77.53725
65.969211
76.403181
71.584292
75.863682
75.977614
75.556559
75.331249
77.299014
62.270838
71.554211
68.442927
67.412502
76.993006
72.968007
78.393179
72.354711
65.105663
76.709322
71.191508
69.751427
75.080519
70.850938
66.208231
77.871802
79.137337
78.501479
78.976776
79.729899
77.751805
73.680699
74.76831
71.178567
73.057785
75.438278
77.100794
74.628599
74.945234
75.634982
74.124769
77.535927
78.729104
79.286399
77.400178
78.825738
79.217881
79.211213
81.221472
78.262075
78.124729
79.707032
78.584896
78.529493
70.496881
77.616867
76.389819
83.363512
72.772906
67.818397
68.133766
78.497042
78.605453
75.115533
78.079329
72.958892
81.079878
77.920945
80.78253
69.268269
75.729843
75.087684
75.789432
70.67438
80.61568
68.563983
68.058532
81.625595
81.133856
81.434844
81.395835
82.351985
80.295588
66.006677
76.458299
68.240112
81.337938
80.161038
60.313329
52.924735
79.753915
66.334312
75.720857
73.690575
64.248384
72.036205
78.781281
74.168919
77.995672
80.14975
59.026963
77.235725
77.238362
77.840869
75.324439
71.28813
79.29484
76.582788
74.424404
81.161446
77.057943
76.355743
78.922184
73.303123
81.537615
80.774854
74.276546
75.209179
78.459896
81.399737
76.838934
83.539945
78.241348
78.77474
73.316855
77.41753
78.337099
68.5153
80.099948
80.184909
79.837171
76.202813
80.291082
78.784799
79.732331
74.044305
78.243925
69.105143
79.405369
79.389198
80.92496
79.875927
79.67801
79.035712
77.909142
74.607663
74.9107
76.758474
73.949858
79.129338
70.608004
74.275833
79.310698
79.812424
80.261474
80.361939
