100.0
100.0
99.917387
100.0
97.666945
84.196455
98.176948
99.210012
96.864727
71.825469
89.384138
81.654691
93.240413
94.849011
99.503664
99.569123
98.618407
98.941383
98.975613
99.5248
99.56703
93.227473
96.386805
92.882333
96.474338
95.497791
96.342197
97.667781
93.352203
98.374774
79.451164
82.165817
97.961307
98.552045
93.726817
97.202566
95.470047
99.670342
75.249421
93.186988
96.256935
85.089556
96.07542
97.389845
90.054197
78.302055
98.027402
97.837206
88.935097
92.60272
97.341862
91.267053
95.554818
87.146933
80.61862
90.832154
88.682228
97.955411
93.511247
83.241239
91.588417
97.006128
72.553042
80.904486
98.40059
98.876617
91.599369
99.139707
99.892931
99.814533
98.883477
97.893859
98.199661
95.804966
99.720669
99.976105
100.0
99.484102
100.0
99.659863
97.734601
98.894338
99.47712
100.0
99.742518
88.958145
96.150939
99.442637
97.200387
98.616782
86.88562
99.006028
98.97284
96.699137
99.876015
99.748803
99.75216
98.612437
99.169295
99.329688
99.27602
99.309493
98.310724
99.733158
96.622308
99.070588
92.753509
89.303003
76.871725
96.222688
95.201594
100.0
