100.0
100.0
99.916701
100.0
97.665299
84.079541
98.114175
98.910268
96.126187
70.656894
88.774417
81.031454
92.253669
94.482326
99.094819
99.27529
98.46757
98.775007
98.899836
99.451074
99.380652
92.515155
95.858466
91.809727
95.877715
93.607373
95.153554
96.877552
92.826675
98.106024
79.079478
81.75385
97.682592
98.23627
93.4309
96.822213
94.788564
99.282682
74.417292
90.594807
95.038029
83.551053
94.095572
96.887595
89.556597
77.872142
97.570682
96.578089
87.445906
91.552887
96.637262
91.10871
95.433081
86.880694
80.059269
89.974917
88.065077
97.419393
93.119936
79.932429
89.799068
95.942228
72.149192
80.707045
98.238948
98.67454
91.406502
99.062502
99.816198
99.744055
98.705927
97.366138
97.645887
95.513434
99.710808
99.972289
100.0
99.489325
100.0
99.659316
97.735732
98.803005
99.47569
100.0
99.738361
88.89628
96.102365
99.348194
96.737191
98.491981
86.367182
98.982167
98.591282
95.700643
99.812353
99.639831
99.490782
98.375442
99.007615
99.061993
99.220856
99.128351
97.565431
99.455387
94.824717
98.37542
92.265269
88.556115
75.044434
96.176628
95.205648
100.0
