87.317041
87.998011
98.857767
80.134059
72.159261
52.205825
37.733708
15.266755
10.852696
13.035887
12.269255
15.539459
3.694484
12.763056
34.934642
49.270506
26.08716
10.517643
19.249106
21.549659
23.341116
19.222744
31.336463
21.261925
9.618377
5.525644
7.317979
22.690647
9.773079
35.674295
26.16458
16.739158
12.767709
12.043054
11.110937
43.215178
25.9074
34.548051
15.260318
12.768264
17.350888
9.403719
9.535998
35.767017
12.967272
25.175429
29.013277
21.744514
9.476202
4.429241
12.209671
30.342992
44.765869
30.96406
27.834112
27.924409
22.126273
35.150387
7.160856
14.250525
10.689208
12.012252
18.259631
32.866665
31.984286
10.695889
21.894541
26.465504
30.225106
35.733895
32.034054
22.155902
17.612689
7.330697
33.611175
82.10651
83.009481
83.724602
84.205017
70.757465
70.12049
56.094383
38.879295
64.629193
47.166897
62.600336
50.07387
32.622949
40.814063
49.321945
47.136797
48.391726
33.294248
17.02228
38.02323
41.165729
28.698328
29.734311
24.622145
19.787859
36.838116
23.017826
6.707353
23.10894
16.123575
13.717765
9.926071
4.465351
7.153676
63.462204
54.776089
79.651131
