94.618502
93.936661
99.518185
89.65089
84.978014
79.577848
57.348292
41.434854
29.068925
29.284081
35.399329
39.016202
24.333509
33.345244
55.694709
64.671595
47.976768
36.951082
43.370702
46.572561
48.027199
40.640442
39.638254
42.520171
31.240308
34.655706
35.04594
42.382844
33.566112
52.872085
46.779999
26.836229
37.10723
31.786385
37.84386
30.309344
44.490751
57.006405
35.281673
32.227202
31.552335
28.053299
33.99421
37.143687
34.427683
42.417036
50.945829
42.193919
25.944349
26.614072
33.395989
44.297487
59.076506
54.903457
37.462149
48.919005
49.132235
54.406327
30.516652
30.111524
26.402411
33.975269
45.673396
58.668034
50.804667
35.083895
42.351259
47.850959
51.617261
57.080256
53.515105
45.092968
46.197059
27.677736
56.417672
89.706831
89.612113
89.944641
90.916073
82.614907
80.408951
74.542072
58.107888
76.633847
64.117741
73.001192
68.131669
54.543725
52.074749
56.608283
65.551632
67.413706
53.358125
38.281705
54.428046
58.196742
47.469993
47.937464
47.258544
33.672145
56.554263
45.820039
30.269601
45.190518
31.459483
35.338529
31.220851
25.853788
25.717238
77.264826
71.260895
87.952647
