97.700423
98.145603
99.734418
97.443156
94.065562
90.558481
76.522562
63.797604
61.217703
40.242681
51.600499
54.590746
52.289491
60.907721
74.070435
80.520039
65.783238
52.26593
71.504614
73.354194
72.897861
63.387522
60.072234
65.107172
64.564758
56.909459
60.425292
65.590955
62.368001
74.806138
57.039981
59.939726
64.981102
67.107961
65.392159
76.457135
66.259585
77.567511
63.682264
42.940963
62.092631
45.727418
46.865853
69.105365
50.804197
56.740626
67.175414
61.559541
53.664854
56.475635
59.214857
69.360151
72.220635
65.446967
71.336103
68.705816
46.25379
55.843234
59.096818
43.724433
35.532716
47.392176
56.207084
68.854076
73.211209
66.956113
68.527954
72.856904
70.487533
78.322857
76.373115
68.592473
63.998776
64.084298
78.71896
95.963883
95.551772
96.443256
96.58063
92.800948
90.13396
85.988791
83.45878
91.087951
84.939882
72.789748
85.110822
67.045259
46.359279
67.846873
78.054801
83.038365
71.566483
63.291815
77.506974
76.448321
72.256504
68.158121
71.348378
69.685266
78.790943
66.176757
58.247523
71.579115
56.636267
63.02
57.810517
52.995513
53.833076
89.944519
84.373433
95.489948
