98.76742
98.229325
99.785643
97.472137
94.707324
92.064523
78.431647
66.06968
67.036102
43.635858
53.942512
56.94795
55.758971
63.586575
77.727077
82.977004
67.768182
53.644331
72.634936
74.028068
73.85405
66.100901
62.927498
70.675828
69.154057
63.576775
66.111867
71.437806
67.899638
76.842584
60.556165
64.134007
69.281885
70.237727
68.654451
78.558415
71.056931
79.653753
69.29739
49.848706
68.598042
52.94685
55.266308
72.403244
52.820374
59.329892
69.943119
67.694381
59.587097
62.481414
62.674789
70.914726
73.546078
68.638763
75.368497
74.616408
48.732833
58.900636
61.558551
52.568135
40.521726
52.003544
59.313808
72.206312
74.772216
69.132742
70.828734
73.322395
71.255936
79.42336
78.625632
73.27544
68.271139
66.27733
80.772611
96.370193
95.843908
96.738395
96.864724
93.334207
90.645308
88.922301
83.977166
91.306765
85.594336
73.552267
86.781829
70.479594
50.273817
70.884606
83.245029
85.852405
74.186073
67.818457
78.443522
77.224039
75.10851
69.87206
74.326393
73.035581
80.117291
69.027766
63.303497
74.009878
63.904541
67.412459
60.702508
57.764951
62.630619
91.784059
85.463685
96.323941
