99.554346
99.84453
99.787102
100.0
95.651817
96.281629
87.306327
84.84277
62.297505
53.710817
68.514532
70.024134
60.250216
74.760674
62.411996
89.780902
86.407402
70.169602
84.892546
86.523776
86.881908
77.898659
71.902407
81.926779
80.141076
76.163212
70.257275
83.514729
81.801436
86.415022
68.273355
83.319991
84.989514
85.149326
75.287972
86.896559
81.538555
88.918208
60.978774
71.425237
81.105207
59.203019
75.261885
52.660832
73.876517
74.663242
86.116717
80.867828
74.742107
67.184899
76.574251
76.568838
88.19639
73.761225
70.390082
72.412265
83.142265
78.656574
75.358655
56.904506
61.246644
74.312922
77.506824
82.182506
84.931648
82.978803
84.224543
86.513025
85.535766
90.103519
87.524656
84.867947
84.557098
84.040638
93.394673
99.155515
99.257884
99.329106
99.289537
95.06426
95.016809
85.285016
93.428578
96.848539
93.63676
84.772799
93.473519
86.672673
62.650807
75.284675
91.123775
93.054209
85.734753
79.750655
88.304129
87.421537
86.530808
79.948561
86.556013
82.695446
89.441944
82.373047
79.363245
86.264531
75.232209
81.93485
81.086164
72.948261
75.653791
88.073092
88.306676
98.947399
