99.927138
99.629734
99.914581
100.0
99.588785
97.604046
89.396347
89.555822
86.740725
60.215879
80.581863
80.810232
78.408035
84.58258
92.976232
92.145643
90.30791
73.852468
88.347348
88.847099
89.850642
83.082561
79.342959
88.193922
72.054738
84.859482
76.759565
89.963075
89.742401
90.02738
53.821848
88.612565
65.700924
89.774876
89.686272
91.371764
89.028883
92.560609
72.468356
82.133545
88.491139
81.47188
60.463052
83.54764
69.251301
75.50959
83.581797
88.428299
82.066582
81.252142
78.493957
75.152045
76.874499
80.19221
63.507883
83.462414
88.239771
68.260153
80.205963
80.605763
60.311779
82.011434
72.37673
92.65824
88.476799
80.928207
88.204507
89.481932
91.111321
92.673797
92.059027
63.04687
88.886685
88.191969
91.985067
99.830302
99.893649
99.952129
99.897139
94.197222
96.409445
95.655785
95.462923
98.197253
95.966321
93.683082
96.155856
90.443509
48.496918
91.174349
96.245731
83.913123
73.602379
87.24402
91.227708
90.309444
90.713458
83.480761
91.017922
90.188454
92.20293
85.45067
86.765834
90.222194
55.050422
89.022045
87.643385
79.628059
79.980924
95.532044
89.677709
99.792191
