87.694573
65.569515
81.126914
97.380678
52.688234
96.792974
77.438017
62.786542
78.15948
98.334626
95.411654
97.604898
83.532062
96.458669
97.876881
77.687905
91.188692
97.610015
98.872781
96.791606
94.22334
77.823405
97.174513
74.168782
51.937754
87.493438
65.669857
73.837284
60.933309
66.412877
82.799754
88.440443
74.069068
98.470053
65.93669
71.043224
98.44666
82.733112
57.157334
77.943834
84.364654
88.438368
96.380029
97.211217
70.949827
85.564604
75.50895
69.612101
76.568971
93.884868
85.184756
95.79896
96.087959
86.511483
98.958935
96.438237
98.952394
97.559929
99.118686
100.0
100.0
100.0
100.0
100.0
