11.568756
21.96527
21.33041
31.179232
18.203475
34.760729
28.455757
20.615884
21.277469
37.579851
24.862335
41.571064
65.40512
40.249434
28.465659
16.961002
40.118996
47.705027
39.053627
11.676139
18.44561
35.919281
30.341499
24.98829
15.361424
41.7514
11.952862
12.254689
20.266812
15.914301
13.500063
23.889115
15.081406
41.219147
13.810205
23.445058
42.74662
36.070686
19.815021
29.543271
23.190975
25.771868
28.880928
26.356598
28.982454
20.822756
22.648994
14.688852
33.869806
12.553989
14.019865
18.172368
25.530469
23.519551
62.908054
44.042296
54.873836
51.077831
46.114726
50.409807
46.176668
47.037245
47.174905
46.923094
