51.76846
45.376452
52.770737
45.865913
49.0256
76.904251
76.17576
39.857604
46.43322
70.264234
55.654369
75.078055
89.947303
68.899476
70.859959
39.610656
75.327687
86.104792
77.142829
57.989209
52.018517
66.360131
61.710176
55.388594
31.050457
76.010023
34.476411
29.599754
47.818371
47.892615
47.761977
60.495694
47.06707
70.731217
31.872359
47.761588
77.014202
66.434727
40.840247
57.196952
40.876367
66.715025
62.355596
52.549534
34.455267
44.526972
47.617017
54.793172
64.554609
53.166625
45.015131
58.654099
52.528101
36.719918
89.000796
75.249417
85.662333
88.269546
63.939537
88.200755
86.880889
87.278829
87.410781
87.474822
