59.473301
49.63348
58.121525
50.219725
52.191691
82.136525
81.4242
43.316499
50.476051
79.291942
62.476019
81.127984
93.019575
76.690694
77.01803
45.352464
83.012674
90.304074
82.649111
64.15506
59.521896
70.776136
65.292353
62.476069
35.885584
82.567332
40.39693
34.480456
56.387972
57.063869
52.866705
65.924203
50.808699
76.057413
36.400738
52.535464
82.877093
70.568217
42.942423
60.565454
43.4429
74.624418
71.743097
58.599304
37.936614
49.037093
50.427388
60.524596
73.405052
59.016505
50.216306
63.937726
55.963432
39.71089
92.948274
81.327973
89.733677
91.836289
65.620313
88.24762
86.910401
87.301542
87.429311
87.480086
