66.788297
55.576968
67.506315
56.195688
46.408369
73.387533
55.047101
52.916237
55.701256
86.111944
85.70558
86.526118
80.86978
68.626452
81.72044
52.414454
90.659086
94.20318
82.210878
76.987144
74.042581
85.383033
84.148597
64.786426
40.019439
83.306142
49.480701
51.609036
46.63737
69.601139
67.916612
75.732212
52.378369
83.215441
45.949856
60.794575
84.417826
77.159164
49.241148
67.568759
48.761454
83.586031
82.769805
85.594468
42.393537
69.96185
65.593356
75.987907
81.17496
71.457535
66.899637
77.033129
71.000053
74.657326
94.119347
90.67936
94.096409
94.966211
94.242037
94.537519
93.884764
94.241301
94.313075
94.282449
