76.710125
60.522399
74.808167
59.95529
68.990742
76.509614
56.44125
48.496118
61.681232
77.138838
58.145455
94.902705
82.83362
92.451322
71.09069
59.01663
95.621753
96.875887
86.796071
86.019178
83.022269
90.763675
72.014337
84.167187
47.969402
77.91635
57.991428
57.894376
60.800398
80.007512
76.407393
83.791856
58.075625
86.669925
77.534944
61.818123
88.858978
79.707405
52.361566
60.201778
52.217354
83.197651
91.263949
61.145954
45.343255
71.064187
43.180919
85.893949
74.9411
81.199155
75.368604
84.697737
76.184796
80.27801
67.647251
94.096373
97.061563
94.059525
97.386558
95.62878
94.981371
95.370954
95.450758
95.395938
