1194178
1388529
1471365
1400109
1434253
1253016
1551931
1374790
1431556
1461550
1423951
1459462
1399852
1515752
1237224
1476621
1394242
1517393
1451891
1499974
1393894
1337994
1488461
1491769
1476674
1329173
1534757
1272939
1370964
1467130
1519253
1403344
1446868
1441014
1471844
1520155
1463599
1387873
1304138
1517267
1463504
1502955
1340912
1493248
1491167
1378339
1512649
1417265
1543503
1407567
1489648
1492775
1340241
1469378
1396310
1360749
1562770
1434433
1463261
1412589
1463398
1255508
1239507
1442564
1527724
1449364
1335453
1400650
1354072
1536896
1496837
1413945
1518955
1462084
1469431
1276070
1440774
1294018
1554163
1421649
1534104
1439653
1402991
1452098
1374513
1487620
1374831
1546229
1367670
554824
