931285
1087869
1148883
1095308
1117014
964130
1216050
1069218
1119017
1136466
1105024
1136037
1095888
1184299
963986
1132772
1093564
1178138
1146751
1167926
1085275
1045514
1167655
1172772
1156772
1039999
1198860
996628
1078384
1146050
1187109
1106300
1138033
1130594
1149943
1191325
1144993
1078245
1012078
1173061
1138846
1172389
1045781
1171456
1157121
1077113
1181082
1117411
1200771
1097921
1149939
1175366
1038354
1135278
1097012
1062958
1220387
1127825
1145223
1096820
1150935
985735
985532
1122221
1199172
1139224
1043002
1087257
1061016
1205609
1179869
1102389
1183574
1147115
1155424
986873
1132304
1012919
1216459
1111177
1194091
1131160
1096092
1137343
1095970
1158280
1074630
1211416
1078671
435813
