104242
111458
114158
112762
114362
103366
124007
109498
117297
115334
119090
113497
117231
122416
105473
118530
114800
122020
117505
124808
109373
110403
124285
114247
118962
106637
123628
101176
115642
122799
118381
110896
111684
118075
117821
121291
114925
108254
109463
115405
116913
117909
111366
116141
108282
111938
121250
106647
117452
117655
118782
122648
108900
114278
112975
106281
126762
115402
118802
113569
120547
102802
107900
122879
122996
114120
106518
113206
109576
120479
119154
113814
118013
117319
118178
105801
116952
104627
125510
109496
120091
120691
107645
115316
113045
111221
108313
123090
113088
44940
