160279
176567
180923
171020
176940
162326
194559
174611
184741
182419
183151
179749
183752
186978
169375
183368
177512
188345
186026
195846
177579
175183
196187
185602
185424
170761
195482
158905
179587
190485
185956
179446
181924
184905
182824
191314
186228
169711
168276
183972
184398
183155
175437
186190
169648
174633
189233
173373
185652
180898
185143
195961
170591
182376
170296
171090
198508
180990
190086
178629
189754
158373
168266
193988
191295
183675
171119
179810
171731
188199
186638
177615
186545
183237
185684
165796
184768
164594
193654
175092
190461
188331
174750
179984
176548
175843
173347
193475
178772
74151
