315940
351224
365862
347183
361877
327870
392965
347846
367695
369468
360932
362962
365018
386681
319652
367195
356168
391805
353148
380951
358096
348043
393809
367418
376249
337243
391372
316801
345415
386546
376404
347427
372008
362936
369564
381303
370655
350589
333347
388213
361361
378238
344376
372479
360709
348525
383219
348672
382958
351127
375769
385933
334993
364486
351605
336959
398638
350961
377400
354725
372195
308981
316823
378594
380778
360654
335277
354549
340995
385120
370891
353775
380128
381407
368010
320701
363736
328039
395126
361776
380657
365508
349066
360392
346224
356107
346966
391712
361869
135627
