238278
261839
270976
259782
257353
237820
282013
258759
270900
270223
264362
269079
267835
283043
235809
266660
251292
286868
267671
283933
263555
254899
287631
275339
278859
248052
288738
238340
259661
272394
279116
261000
264027
269789
266987
282160
272582
250132
242835
274629
259947
275193
252783
268991
262616
256657
280520
251585
274323
267690
275299
287446
246985
267272
255771
247037
294384
264353
283244
264271
274703
232890
236232
276430
288558
269787
247712
259977
245684
280711
275511
261937
278458
273283
274212
241856
268780
242619
289258
264132
275121
271239
252217
266160
258720
255924
250651
283530
260497
107560
