431069
486405
512197
486664
499389
442863
526434
488740
506395
514568
490171
499147
494262
535827
440358
510768
486717
537738
498977
533443
491489
480042
524689
518647
519143
465780
538806
442067
482532
512514
527340
487976
507688
507765
509452
536794
527795
482299
466144
537257
513040
527530
476512
505917
497298
469901
517078
499791
528644
493694
525314
529173
467600
513862
476929
468534
554077
501151
512600
496784
521462
436815
445961
517095
538753
504197
464874
488061
469583
542250
510204
495983
529606
527103
502818
451076
501988
457276
541965
504361
533104
512260
486600
499129
485526
514604
473171
543836
505726
197100
