704354
816919
863960
808955
859402
738547
922653
820396
845378
860096
825333
847714
838543
912986
727870
863038
826870
900099
833300
877219
839706
801297
887806
868359
873367
774893
909778
747754
806800
864398
885844
807202
872776
840874
853261
888438
878846
814427
772566
888739
856013
891652
797421
877522
865881
784562
880899
833646
884974
845880
865774
882882
801544
868171
826800
790637
920531
848265
856630
832351
882123
724944
743098
881491
879738
851819
787095
830143
772311
908006
869467
827362
899568
866272
842728
749540
838178
774690
922254
846345
868746
867202
815380
845847
823430
852512
801538
926095
824322
327759
