1378125
1207130
806397
381976
868093
1425349
1300964
1450828
1351703
1395676
1470588
1437419
1434005
1610556
1372775
1108475
1233841
1233205
1259949
1647672
1454266
1475865
1369006
1382798
1349354
1510833
1181861
1331621
1243978
1160421
1193956
1290184
1252100
1350693
918553
881455
1245528
1222551
1082443
1524078
1526285
1410384
1503009
565108
823412
770582
854840
853366
813577
1081873
1526591
1303313
1221136
1514269
1308700
1379570
1456149
1173468
1524526
1350633
1327204
1052280
1424460
963693
1138881
1233572
1585567
1433269
1361663
1370242
1224882
1333314
1286610
1247987
1237701
309204
243880
379296
198434
278372
304940
418725
991840
1472157
1383387
1334403
1499107
1138088
1450765
1391954
1535572
1433194
1290673
1143657
1351153
1256882
1226824
1372302
238234
170488
495855
413633
561539
863781
791120
297085
412062
1274296
1302132
1443229
1272398
1408737
1258509
1430932
1310685
45964
46652
1370438
1357302
1438997
1229074
1356471
1294743
1264964
1240481
1157622
1241009
1269551
1514259
1389848
1244323
1293615
1397442
1315006
1420547
1393160
879844
425073
346265
153661
