1067582
953997
699572
333413
678984
1126352
1036743
1130841
1059811
1082990
1146574
1144054
1134417
1249863
1087308
862790
945506
1013950
985936
1272815
1144848
1159486
1072663
1085670
1065371
1184743
940744
1050616
974985
910361
957032
993147
969913
1064496
777675
747020
1043131
998155
907845
1187570
1198374
1106617
1172658
479945
682686
639730
723906
705473
683856
895352
1196843
1001545
958986
1179689
1026701
1087821
1117990
927492
1192766
1062013
1048247
819695
1118413
856340
930075
984842
1233759
1115325
1054301
1072326
960314
1043804
1000082
991591
978517
281039
228603
302686
185215
272714
299891
420619
813520
1154111
1060395
1048143
1163828
895033
1140655
1098995
1216906
1126966
996891
884290
1058044
984388
958332
1068794
239902
163560
398634
359032
450004
771498
728882
299052
408923
999785
1050860
1134468
999922
1128512
979467
1110234
1029630
41607
42830
1074045
1066155
1139934
950687
1062818
1016101
987022
977538
934235
980288
1009789
1177657
1080017
976585
1007917
1088566
1025580
1127127
1094438
692976
405522
338887
158267
