1939212
1725587
1131294
588712
1242178
2048731
1831159
2078408
1936236
2025366
2113901
2136035
2065826
2308114
1919536
1686577
1738456
1855164
1732238
2315081
2061005
2119735
1962783
2015784
1935435
2136991
1658043
1821176
1770229
1630745
1706754
1830262
1767799
1986910
1409058
1266118
1791927
1749550
1531937
2207754
2187037
1966499
2112402
769870
1161847
1110730
1204460
1197745
1122476
1556539
2187001
1824090
1787527
2249087
1852078
1857107
2064041
1643502
2209050
1942762
1823505
1455393
1984503
1477570
1648276
1767380
2300422
2078529
1868217
1972492
1805588
1886874
1836264
1804065
1735774
503957
341902
512346
311163
462662
491097
739188
1457656
2068016
1960702
1876973
2129719
1608827
2158386
2039429
2156346
2025930
1884952
1599522
1961544
1822507
1751613
1917640
365881
241266
616697
570245
726562
1355616
1134505
442258
610155
1769491
1832440
1974522
1787397
2062592
1771551
2035266
1843862
58815
60021
2058054
1927362
2093859
1791934
1957192
1894189
1839848
1771663
1571145
1794812
1848378
2203641
2023998
1754509
1819206
1974458
1931507
2113658
1928585
1257437
698752
553866
257846
