107732
109484
99206
61029
87566
121424
118734
114333
113544
118780
126451
118714
120498
120950
111395
102239
115649
115220
109015
123168
118537
120825
111466
116725
110724
122588
111537
111194
112357
110346
112612
114781
100260
113609
97548
83208
112675
114285
100955
124773
123042
110145
123605
72888
96424
97090
102736
98720
101324
113484
121870
111397
107045
120707
106509
123196
113737
102480
129641
112728
115427
92771
127010
97922
111992
108002
126969
119117
112400
117977
106983
117863
105140
106190
103465
38890
40494
46159
31004
42123
52878
57238
100225
121615
118001
112884
122141
112395
124621
111361
126249
120301
104642
112332
127238
106739
112266
121477
42791
42029
68571
57955
70145
103743
93372
54193
66279
120207
120189
120941
107526
124096
107785
118245
108385
12813
16685
110092
113561
117400
100026
110474
99916
110095
108998
103364
111049
116060
120732
124591
102200
107398
117903
120731
124627
98709
85375
60215
56266
26842
