170814
168262
141670
83287
131697
193018
184680
182251
174463
185542
201381
181584
193030
194621
176272
154290
173778
186864
172533
198077
184122
196344
174520
187720
173424
193199
162920
170697
176949
161530
178069
173130
164095
177683
151495
125803
164403
179373
166220
193724
196877
169251
196892
106577
145427
135218
150693
141076
148469
178589
188208
178523
163491
193844
164634
186511
193895
152572
202040
181706
178684
144396
191066
155409
168396
175569
202727
188661
171971
187455
163486
184672
159981
158114
163766
53093
53326
65218
42022
55565
68731
76862
147414
190123
186443
184729
190440
170727
197394
174880
200334
187591
160005
174727
197193
167690
176058
192043
55167
53528
100435
82295
96029
141556
130119
71267
88298
187060
191654
188982
163002
194643
162774
186098
170644
15034
18257
170534
174066
182508
156302
172072
153759
170120
163006
158255
179031
180748
193278
189081
167551
171311
182095
180812
199875
166641
127132
80386
74540
35011
