248975
248222
192815
114601
194693
274378
271242
267157
262040
269341
280687
279682
281022
292657
258715
211412
246429
264838
248765
280989
276695
286998
258328
268542
254411
287172
236984
257853
257115
220808
258196
243413
237237
258031
217199
203282
250462
252112
221665
285257
293283
256375
281807
146654
202251
185660
211724
199693
205651
253340
279549
252032
235529
283896
238654
269130
282155
227500
295833
269832
258681
207937
289828
235091
242682
258282
295891
273257
253460
263781
239400
265229
246772
249186
231404
79615
81353
91981
56981
82511
101554
120377
215598
281028
269889
261050
283155
245464
289182
262564
296091
272218
233855
250287
278299
246978
248724
286121
80089
71098
128712
110446
135643
212297
189475
103479
133696
263416
272299
289787
234145
278872
238313
274087
253986
19416
22693
249901
253602
273056
229378
248566
234259
240945
238765
232681
258560
257190
286049
271835
242507
243732
267468
268901
289919
245676
186118
125963
116348
54597
