335711
330971
246819
137654
258105
372425
362720
360803
345807
361747
385202
374491
384162
391179
335560
284352
327230
341069
328926
378217
379324
373374
344617
357096
346570
385589
317210
344794
340620
316473
337179
333902
320049
346071
263918
257831
317640
328762
302851
378357
389936
351819
378314
183768
256109
230731
267411
255069
260922
324402
373888
344815
317528
379019
323582
358996
381404
302473
394106
362775
344050
275459
385120
292171
314490
329801
398767
371804
340924
358154
320216
354689
333203
329377
320125
85709
82918
119360
60374
82087
102347
123144
275726
372402
361267
344708
386996
322572
385309
353193
399061
367919
309819
343068
381288
324913
333002
379058
81160
71117
163864
131082
170789
247352
229809
102476
134095
361258
366003
390220
307528
379871
327697
375188
334249
21822
25228
334182
334481
365398
306136
332909
304443
320294
318715
302709
339775
333505
384719
375705
330209
333695
363876
350755
384807
331607
241239
128736
113890
52284
