458939
449849
328814
157801
334299
505284
492792
494671
479987
491828
490816
503634
510269
549625
487218
382781
415689
467570
429662
559559
511355
533624
473621
486502
465122
527492
425309
482461
477010
405441
455749
462080
453621
492520
357763
326274
461756
458266
412814
535189
539888
476740
521942
234095
326364
300915
348226
341609
340235
424896
520784
482450
434630
524824
459946
490810
514995
422033
552897
503248
454653
386044
515464
366852
440034
461040
550356
511504
474297
491108
443388
475919
452472
459927
431209
117937
103414
154860
85160
113565
137268
173352
366780
526037
488022
472971
526660
448306
515357
493802
543859
515419
446849
461530
509570
440605
448439
509999
107443
88275
196710
169924
214150
327813
326450
136178
182383
472655
481218
536010
445334
504965
450701
501919
462370
24524
31691
455040
464430
494222
427849
454603
430404
429420
435507
413651
461870
460807
538442
484678
458300
460994
498737
481388
529357
471319
315732
179931
158519
72555
