94.012125
89.836441
97.94393
96.745657
91.546744
97.266733
95.096305
93.736162
95.871743
83.491151
90.484959
85.062759
94.939936
96.27295
96.178085
95.182339
96.62143
96.27255
84.378962
88.049687
90.256776
97.446356
96.630783
85.81414
97.1614
93.625572
98.236144
84.432238
97.19497
88.110813
90.604455
94.602081
87.68498
90.473974
97.188174
97.415607
98.231994
97.131669
96.818771
97.0846
97.465461
92.584748
97.706496
97.817665
92.838243
96.814413
92.769183
94.228736
89.822182
78.701358
96.084056
97.210489
94.030132
95.898491
96.637703
89.520688
94.003602
94.367544
96.747109
79.856421
97.241904
86.364371
84.760807
94.93003
94.248766
96.176399
