52.218625
55.064945
61.784105
57.408467
58.943931
65.253651
54.14254
57.789945
48.294161
51.408755
54.70512
53.918938
49.054681
59.501479
55.934492
58.19184
57.858332
45.041668
35.682941
46.488131
53.15238
66.75558
45.55362
59.198769
58.276371
55.912386
65.632484
56.345863
61.9686
45.951153
60.458787
61.001467
46.617157
66.110469
55.928504
60.869959
70.774441
69.887822
64.773122
69.511103
66.918211
65.500827
64.475041
70.584993
77.272408
67.659521
72.00607
64.40779
61.495891
54.283868
52.968266
52.381316
63.947902
72.421629
74.890163
58.878576
60.100401
58.944526
57.875966
55.832319
60.983305
66.159811
60.575397
62.253208
61.611651
46.093108
