62.085303
63.74589
70.199683
68.56632
66.756806
72.954971
63.247056
68.055134
59.559585
60.566924
61.677531
50.020763
60.122259
69.950977
66.140851
61.587091
69.364971
56.890295
47.673312
58.967349
61.931019
75.311279
58.895082
68.686333
65.887077
66.141998
73.306792
67.669935
72.270401
56.755189
65.500139
68.038251
58.355479
72.718229
63.401435
69.177483
77.83646
76.630866
72.894246
77.303876
75.531176
72.344466
70.928287
74.576362
82.350851
75.417944
77.310805
71.673667
69.015653
62.43734
67.636658
74.655902
64.432991
78.912481
81.165293
67.614005
68.964482
66.411834
67.362994
63.27578
70.348305
72.609005
65.772302
68.878983
69.79613
56.759189
