76.082864
75.072065
83.877036
82.599263
78.949393
85.628269
78.36146
80.594935
71.426718
69.92799
70.746006
66.06359
75.093178
81.784546
79.29919
67.608862
77.325305
73.15001
62.794004
67.512866
73.536764
85.749757
70.225574
82.897552
82.884167
79.346734
83.253465
76.933769
81.753551
72.215721
77.960428
79.328858
73.002358
84.588304
76.885668
81.299925
86.89389
86.846327
81.211817
86.865377
84.229602
85.208393
84.93882
88.970588
90.245797
86.585805
85.464442
83.823937
78.700262
70.567788
77.465538
74.133633
75.079226
86.982699
89.126007
74.272366
80.96061
77.288419
73.142266
82.633609
74.372385
85.411502
76.894034
79.816483
82.98924
75.36851
