76.29219
75.268457
84.34956
83.445124
79.903364
86.332649
78.658414
82.055356
72.408535
71.203329
71.798336
68.450154
76.323275
83.706116
80.927614
68.848334
79.030363
74.620551
63.662169
68.783547
74.386241
86.464853
70.972425
84.004882
83.961091
80.610559
84.304966
79.795367
82.925947
73.283821
79.206902
80.375909
73.584121
85.671914
77.480596
81.871384
87.640959
87.490712
81.769047
87.477157
84.820451
85.70748
85.263585
89.711092
91.095619
87.717149
85.876083
84.506662
79.811546
72.286626
78.680143
75.149925
76.090976
87.558442
89.379083
75.939579
82.689675
78.226303
74.356657
84.292075
75.393296
86.65383
77.784467
80.542165
83.200956
75.377333
