83.066932
82.427463
89.030228
88.76484
83.764282
90.232494
87.145125
84.593478
81.139784
77.767032
75.577926
79.407967
83.268828
88.693101
86.75901
86.774414
88.459989
78.277298
71.818766
77.569981
81.771431
91.235814
87.082115
87.520979
89.602962
85.513806
85.481111
86.59553
89.559084
84.992498
80.958849
80.642251
81.898359
88.667375
83.994474
87.097217
91.621864
91.105834
85.990862
91.738614
91.036126
85.238624
90.895608
92.175295
93.88272
90.57122
88.757247
87.802205
83.747686
79.186847
89.58767
82.112471
77.286369
89.618046
91.618775
81.326861
86.36444
84.120503
86.276889
80.528028
80.425218
89.884097
78.83507
87.291924
88.371728
83.390792
