84.743742
86.567425
89.909565
90.493787
85.22486
91.688447
88.765797
86.468117
78.207936
79.544238
72.739341
74.668056
86.166626
90.583346
89.191265
89.398954
84.724037
81.039425
75.101458
80.088458
79.181669
91.325692
75.651335
80.039111
91.608837
87.563391
82.088748
88.170347
91.76367
84.520556
83.350407
89.620098
79.474854
88.150761
87.200671
89.27594
93.29038
92.349927
85.558269
92.946531
92.448123
90.271895
91.745878
93.380648
93.469453
92.064737
89.595544
89.037441
85.466705
82.111949
90.847557
69.872281
90.023936
85.441239
92.717473
83.561024
88.186436
86.311879
90.312242
88.865656
75.916721
87.459498
79.773719
87.206146
89.557691
85.776791
