68.381736
46.007794
51.114744
55.777504
73.185087
56.452115
71.547654
75.136925
86.695574
72.806027
83.964094
54.470817
66.014869
79.706834
65.264423
50.292131
59.556373
57.290511
60.897161
61.050621
61.850518
62.207085
80.014104
87.959136
55.3166
66.347782
77.808735
56.473982
66.750939
66.87887
50.882269
73.408403
64.566961
83.780149
59.660591
80.679331
62.985739
82.296595
84.206062
85.531981
79.688688
83.78839
46.581741
78.345746
80.207507
80.319892
68.911689
79.256625
83.716609
62.665545
55.754838
83.983746
48.508397
70.340461
