98.993751
99.135478
99.094191
99.133382
99.131169
99.135906
99.132627
99.128428
99.127448
99.131762
99.085818
99.082712
99.06945
99.092802
99.093697
99.135263
99.088199
99.074717
99.135034
99.047909
99.090126
99.12902
99.103241
99.126089
99.071381
99.088687
99.129448
99.134603
99.07193
99.044165
99.118623
99.085383
99.132507
99.129548
99.041366
99.088682
99.133614
99.06407
99.069023
98.834414
99.129316
99.127699
99.138649
99.138452
99.08509
99.089534
99.08882
99.131557
99.135307
99.089019
99.089606
99.128481
99.091368
99.066325
