12.16262
7.507298
7.465916
18.203004
16.084446
10.040077
11.967722
25.877368
16.134075
12.50378
22.575874
11.099596
10.746997
13.718915
15.325427
9.309542
12.12876
10.647647
16.051671
18.346701
14.247709
17.709508
24.615622
18.766318
15.091226
17.839395
26.794603
15.830366
13.323121
19.422735
10.021489
19.463339
12.819013
22.687592
23.191234
17.672896
15.468434
20.674812
23.498648
24.67505
22.379265
16.180683
9.151961
14.353214
18.935761
16.729845
12.354471
16.007166
22.413711
19.123145
12.600835
19.381321
9.699881
11.200394
