25.016788
17.64864
19.040615
28.591338
29.29183
26.20284
29.309852
35.368434
33.075321
25.365597
41.040762
23.071938
22.070928
21.062864
26.3337
19.155936
28.136173
21.422685
29.163003
29.53664
31.316364
38.136454
40.976185
36.986405
25.054388
31.099445
43.626395
27.782206
24.493796
35.181775
19.426959
33.081433
39.333579
32.784429
41.750091
35.159338
32.525861
32.81257
42.072491
35.650373
30.558113
37.37855
19.204737
29.594895
26.091236
29.726447
23.956311
26.475456
39.914789
32.62301
25.652942
44.508585
19.603592
24.701376
