29.526031
22.767684
23.759819
33.653491
34.179533
30.902513
35.674078
38.48136
36.535322
30.039919
47.174695
27.542024
27.031235
25.534118
30.698027
23.182074
34.51228
26.104628
34.134506
33.021115
36.317188
43.494114
45.127468
40.894861
29.941602
35.52713
48.102478
32.574388
28.771176
41.635368
26.217616
37.572934
46.754546
38.577221
48.544128
43.792142
36.607099
39.629832
48.693798
40.662507
33.704829
43.99285
24.436595
36.240243
31.467982
36.077525
29.309372
31.514054
47.219164
40.27488
31.661295
51.198131
24.600415
34.745958
