39.619871
31.648661
32.916675
40.093321
45.737623
42.318865
39.157132
47.559994
62.598237
44.127881
47.289534
36.716504
34.23791
44.82134
41.216454
36.906909
40.579748
34.912947
53.952489
49.385636
43.075646
43.317708
65.134855
53.537179
39.025331
50.196027
64.403528
41.633162
36.821608
47.261975
34.931864
55.150297
45.710683
61.862811
45.283298
52.405588
44.883858
59.176692
61.657824
48.899998
47.651978
59.86162
32.675531
48.033513
40.627399
42.806532
39.842315
48.032838
60.856966
41.668145
46.905457
46.181078
33.424304
45.595875
