46.878751
39.852175
41.612058
47.211234
60.571484
46.521475
59.654104
60.334421
72.321567
47.58708
71.076114
45.746663
55.20582
57.166933
48.86209
40.82072
48.171153
49.171982
63.911665
56.438177
51.375545
55.958952
66.281721
60.840583
47.11757
51.321596
66.805407
48.343842
51.706713
55.412544
56.337015
63.827233
72.358935
73.667612
51.764045
63.10327
53.334119
71.190504
73.097716
55.163016
63.856826
73.671291
41.273916
47.847675
52.935016
56.025699
44.313868
69.184805
72.287648
49.484928
59.536434
52.111655
42.032722
61.178766
