96.349437
92.417574
83.997259
96.465413
95.189361
83.94275
89.888254
97.224345
96.37627
97.286732
75.231842
90.548227
96.122543
84.543968
89.135406
85.430877
92.253361
96.741135
91.718413
69.426813
96.817107
90.7624
94.247688
84.593061
96.579713
85.333167
95.265764
95.761913
77.810648
73.314026
83.037056
81.350443
93.486887
95.695403
92.539536
94.710671
94.334806
95.103271
78.179765
96.293298
97.325468
96.33661
97.450779
97.924991
80.894675
96.582773
96.900221
74.038943
95.295545
84.315763
96.145986
80.684106
96.561953
98.961272
