67.198057
69.754046
77.433264
69.512323
63.520683
70.953552
62.016152
69.858509
70.41892
58.428289
56.810994
81.59072
77.26931
72.654375
64.817483
61.383389
69.989608
75.888398
75.538219
59.871487
67.983727
79.085503
77.209407
65.643878
76.803725
70.234603
83.37322
73.650947
63.205413
62.434543
61.958048
76.089337
66.168036
75.202135
70.118306
66.387754
70.313451
68.210967
63.294575
76.335744
77.660377
70.676037
75.807517
80.131963
76.336497
76.267606
72.939764
77.993377
80.242034
64.353519
67.820669
61.14127
66.304429
83.991507
