74.394057
75.207008
82.841482
79.202375
72.314879
71.634547
69.515762
72.418657
77.615598
66.857374
62.910045
77.993858
83.575673
81.047617
77.075966
76.610577
73.884952
76.769098
80.252595
68.737161
72.967418
81.898668
64.789176
71.319142
84.983167
78.54273
87.060852
79.084776
68.052514
66.809452
82.001203
74.680662
82.853471
81.384882
77.684484
71.684092
67.781145
59.232644
62.109481
81.655288
82.212959
87.065745
67.588324
85.55434
82.495089
82.562475
80.050592
83.7645
84.780437
72.210811
78.804704
75.115738
74.393073
88.36273
