83.649626
83.405531
88.760604
87.555975
82.494374
78.986768
80.09719
78.969256
85.072577
70.358035
67.786194
88.950724
89.928252
89.447113
86.106862
70.714083
86.066776
88.134722
85.632538
74.155126
79.812683
86.040436
85.538505
77.559566
90.817203
80.044889
91.149919
85.016186
72.652421
90.618093
88.364785
85.749317
72.999669
88.363596
85.384091
78.238243
78.222126
62.89881
63.902541
88.813033
86.258676
91.675756
89.999705
91.554135
88.831255
88.950358
88.410715
90.108176
89.755023
82.598886
87.084078
86.354636
88.111313
93.707702
