82.104688
81.690242
86.668195
84.967714
80.711647
77.543707
77.848646
77.628845
83.667639
69.500999
66.671644
87.948971
88.85666
87.439688
84.095403
69.665434
84.356645
86.664569
84.328496
72.937382
78.929593
85.430644
83.88173
76.478457
89.622165
79.142668
89.992618
83.281526
71.336865
88.797695
85.816245
83.628932
71.687248
86.354399
82.765522
76.298413
76.576552
61.954421
62.654223
87.274268
85.109775
90.368357
88.839251
90.352977
86.554314
87.354589
86.340241
88.493411
88.883991
81.008543
85.650548
84.538589
86.834524
93.174011
