90.630465
79.038089
93.849356
71.307496
88.492961
83.141985
86.776166
94.161282
90.765882
75.997198
72.802853
86.677495
94.39978
95.257539
86.233123
66.177864
91.871138
94.072215
89.830767
70.853837
94.388778
88.923745
90.97345
82.115035
94.286942
83.485597
94.023663
78.756179
71.744789
71.770536
67.050101
85.608385
92.009436
93.015966
90.345102
82.812711
74.500885
82.969905
68.885843
93.362608
90.063399
95.424534
94.784927
94.847397
93.57448
93.911724
94.49184
70.935519
93.376654
82.034261
93.125705
78.728089
93.157985
96.947971
