71.741405
56.94428
80.364531
85.634885
80.288363
90.730034
83.751627
73.407807
77.876055
71.886349
89.532198
94.331459
95.373294
95.949801
95.267589
94.536089
90.859778
95.624183
95.246184
97.009172
97.667806
96.975251
98.18902
95.069681
96.363081
97.871616
98.103763
91.354869
92.379053
87.325003
96.927575
96.506503
97.603565
97.207331
98.049795
96.125547
98.25899
95.206026
88.778404
93.086877
85.886861
93.719476
93.599782
93.746938
96.031023
92.01159
95.622277
89.22578
94.143265
96.445725
94.807813
93.034161
96.523382
