73.166654
57.831822
81.382357
86.105367
80.721193
91.05012
84.352426
73.96962
78.259512
72.570816
89.897863
94.711339
95.805319
96.332931
95.665212
94.856835
91.281534
95.97282
95.6035
97.201194
97.986237
97.224502
98.359044
95.282653
96.650798
98.167326
98.382965
92.06141
93.45831
88.133565
97.422779
96.885919
97.886304
97.544601
98.30507
96.371518
98.44264
96.030829
89.325625
94.253058
86.60645
94.762335
94.605056
94.452004
96.491516
92.404521
96.294894
89.720075
94.697677
96.775665
95.575375
93.638306
96.775899
