64.16021
47.948332
65.346496
68.542973
71.647071
75.047541
76.287855
72.864999
63.939505
60.229356
69.316414
74.166851
76.54166
77.187365
76.845125
74.616532
59.015624
76.459234
75.41437
81.643964
82.30224
82.505273
82.21412
80.42722
80.808841
81.138614
82.192727
77.323284
66.325226
70.965501
79.810726
80.272534
80.569044
81.60785
82.416843
80.386778
81.903193
78.663348
75.617955
69.582299
64.942393
75.54451
75.381857
74.906884
73.140714
81.39263
76.221634
75.799023
74.593212
73.185457
68.711675
61.162143
78.216444
