57.620803
51.827565
74.975867
75.47187
75.436064
83.055189
84.211424
81.303876
69.924714
64.560974
74.424464
81.009659
83.496981
83.174129
83.169486
80.991014
67.71109
82.786743
82.246349
87.335302
88.916426
89.276093
89.354996
86.979726
87.284842
87.624267
85.268807
81.904876
82.621488
78.403001
88.023939
87.43022
87.274666
88.380716
89.16778
87.686259
86.836927
80.831964
79.349734
75.965684
83.197616
83.467874
83.494942
81.862164
82.403172
88.438794
85.67748
81.241875
80.246246
76.286217
74.050182
84.010601
83.798131
