69.735493
55.224914
75.387505
78.739985
91.563185
85.874558
78.559822
80.804874
72.45536
67.039001
80.652378
83.314152
84.307046
85.097797
85.21566
83.572528
70.952697
85.107488
84.726057
90.544155
90.610151
90.563697
91.476451
91.228961
90.139933
89.922296
87.309036
90.740394
87.672306
84.866015
91.124183
90.137351
90.676539
90.818263
91.311658
89.069394
88.824567
88.39854
87.929603
79.553083
87.923114
87.169458
88.395484
85.186991
82.472246
86.90495
88.678319
83.640583
89.068213
84.418159
76.365358
70.712501
90.87281
