97.367027
96.940301
97.596699
97.980788
98.30042
97.587624
98.23438
98.299237
94.695261
97.132236
97.794259
98.233711
98.249039
88.999891
87.543776
94.867423
97.35933
98.0185
98.704084
96.997308
97.959886
96.888953
89.117092
96.314717
90.313806
97.787443
98.004351
98.131457
98.100967
97.976728
97.962555
96.705162
98.451906
98.303123
98.330458
98.211234
97.760414
95.738972
97.477391
97.714438
97.275027
97.878535
98.138333
96.925157
98.104352
98.104825
98.206778
98.19916
98.149518
98.230461
98.387724
98.381653
97.874119
98.181633
98.169085
97.930731
98.088906
98.090375
97.658551
97.916062
98.06729
97.76939
97.379788
91.996158
96.755031
95.666623
98.35901
97.856254
