53.099449
50.890533
44.278314
44.420199
48.760217
45.240279
51.545567
47.120296
46.346656
49.190532
48.812956
50.973486
53.552903
42.783892
44.649175
42.925412
43.382923
44.37689
45.10721
42.736885
43.621398
41.830842
41.663855
44.436555
43.612902
45.741282
44.932154
44.391268
44.674368
50.127689
49.116647
50.042983
54.365447
49.152845
48.370757
46.154866
46.137838
45.241639
43.935532
45.213593
44.833531
44.149869
45.234432
45.475613
46.756892
46.495315
46.776487
47.012858
48.280351
46.738764
45.130318
45.083819
47.925497
48.719103
49.218311
50.185472
46.478903
45.705559
44.305238
44.431749
45.853237
50.213549
46.451036
37.613897
42.549007
39.840809
43.834777
47.751408
