65.973781
63.77169
57.045355
58.045681
61.495789
58.002472
57.312671
59.646965
54.826445
61.537853
60.626407
63.532628
65.922494
53.807349
55.984613
54.79037
54.86885
57.02832
57.904099
55.528968
56.273646
54.208065
56.168993
55.081451
54.695426
58.108201
57.996064
57.949604
57.914374
58.806491
58.844811
61.110594
65.307013
61.230483
60.508163
58.510991
58.427762
58.671467
56.978297
58.429583
58.104024
57.642336
57.860608
57.672156
59.784596
59.48665
59.696573
59.82687
60.505681
60.376513
59.531881
59.503283
60.798048
60.844234
60.0898
58.660389
57.779753
58.093176
57.281892
57.399698
57.644297
58.689179
57.832695
47.949933
53.182492
50.513087
56.303401
60.120294
