80.616031
78.625292
75.668349
77.587387
80.130775
77.467125
80.505527
78.734913
75.19457
78.19904
77.738322
79.702203
80.92173
72.702631
73.985252
75.031029
74.995212
75.943836
76.561298
74.336746
69.240238
73.516601
69.336278
75.612366
73.860887
78.024418
78.125457
78.014281
78.059471
79.206835
79.156018
80.293002
80.487689
78.07372
78.308486
78.654666
78.561986
77.89964
77.384805
78.022987
76.138609
78.170483
78.391945
77.546118
78.781408
78.687907
78.895852
78.790813
79.304222
79.769434
79.202115
79.213284
79.596826
79.634828
79.389741
79.010996
78.451961
78.168337
77.370933
77.759105
78.122293
78.096015
78.369945
66.343173
70.888394
67.836869
75.917044
76.166657
