79.13345
77.371123
73.909246
75.589718
78.977143
76.572573
79.261677
77.487961
73.572864
76.583333
76.016094
78.686771
80.259201
69.400862
72.010409
74.249868
74.354268
75.142577
75.205176
73.246894
68.669876
70.992099
68.415834
74.103105
72.913195
77.430417
77.712473
77.574644
77.635407
78.927542
78.903593
79.966288
79.677277
77.769768
77.720609
78.264652
78.241726
76.341248
75.232517
76.724317
75.349471
76.741466
77.671491
77.024205
78.433757
78.26121
78.510412
78.397147
78.986604
79.099305
79.007355
79.030719
79.255106
79.394539
79.143765
78.701935
78.158426
77.898151
76.843257
77.362384
77.727132
77.821405
77.979074
63.434697
68.087803
65.650028
74.447398
74.530108
