87.974623
86.021522
85.100863
85.321978
87.627375
85.384989
78.267542
86.399932
82.734128
86.142524
85.983248
87.525558
88.344404
80.331479
81.124526
82.992517
84.865709
85.262352
85.509815
84.832672
77.299674
82.603551
76.234447
83.447763
80.709807
85.762063
86.351388
86.32463
86.282151
85.511482
85.800679
85.997752
87.841776
86.802827
86.741115
86.68781
86.258483
85.793801
85.402252
85.956641
85.324763
85.650873
86.129183
85.30718
86.758536
86.76654
86.80025
86.722236
86.612035
88.030924
87.708031
87.711836
87.44058
86.717687
86.449108
85.605382
86.071996
86.071028
85.839464
86.340728
86.079898
85.128366
85.918429
77.842203
70.711745
75.685479
84.925582
86.153149
