90.302823
89.426345
88.610161
88.795583
89.838213
88.237779
77.444119
89.334488
86.103237
89.44717
89.327003
90.164022
90.668914
85.413265
86.410364
85.727974
87.579894
88.117141
88.232226
88.046038
83.578673
87.231125
78.782128
86.716049
81.59323
88.127689
88.574558
88.629592
88.505945
87.341196
87.622122
87.928118
90.509625
89.371198
89.31416
88.781584
88.301326
88.726803
88.80761
88.753076
88.033736
88.789466
88.409309
87.70537
88.909488
87.835464
88.965412
88.793213
88.583512
90.364754
89.688202
89.689142
89.46005
88.937115
88.283703
87.14389
87.452936
88.275998
88.105735
87.716341
88.169401
86.836772
87.08506
83.909294
74.36303
79.885808
88.258806
89.209309
