59.502454
52.867793
34.641075
32.990389
33.359241
33.23637
33.609619
30.862654
32.560362
36.986904
35.162765
35.874356
33.767336
35.856972
38.213869
38.63684
33.980412
32.201578
29.007937
36.163279
32.634133
38.15196
38.532616
35.132003
35.991064
35.471204
37.293063
37.04653
38.997828
36.000074
32.770254
33.325012
33.995167
34.168239
37.444798
38.687133
39.056009
35.618369
31.678534
33.639869
37.139591
36.847746
38.443965
38.206082
33.117813
29.960541
32.684489
30.70037
31.990042
34.05474
30.745243
33.921388
35.253934
35.445457
35.496789
34.788982
35.324459
38.171638
38.691456
36.9384
37.164068
37.539191
37.312462
38.295699
37.010902
31.65432
35.249953
34.971582
38.646309
35.680267
32.057535
32.262742
32.819287
37.643653
35.152488
35.03554
32.242287
31.132759
32.575779
33.508915
32.827863
35.532451
36.031761
35.299984
32.203637
33.610537
36.381851
35.695394
33.585591
32.732348
34.174596
34.354872
32.783093
30.367704
35.808049
39.157914
29.48249
61.186737
42.299931
