70.20413
60.249379
49.756812
46.146671
45.375417
45.282579
45.583689
44.246023
46.122441
49.925667
48.513687
47.393175
47.834321
49.878637
51.906125
52.678126
48.222631
46.080445
41.150839
50.639118
47.032771
52.408309
52.430884
48.975397
49.002547
49.314784
51.582494
51.92416
51.994547
49.04324
45.970315
46.386346
46.765385
47.332919
51.07842
52.615337
52.823312
49.151347
45.351112
47.246913
50.138825
51.587448
52.236732
51.874042
46.230178
43.827797
46.974021
42.255324
44.834697
47.103098
45.269642
46.923046
48.046919
48.032808
48.192425
47.583877
47.913505
51.605359
52.691083
50.850009
50.537892
50.77619
51.776157
53.056702
50.331313
45.152427
48.0153
46.80063
51.769001
49.557582
44.803677
45.68964
47.238731
51.900655
47.402642
48.438319
45.521645
45.152843
45.459342
46.786984
46.067332
48.277666
48.942428
49.184352
45.405851
48.27213
49.66506
49.067815
46.768498
45.768957
47.503938
47.445453
45.665532
43.297798
49.817427
52.716958
43.344251
70.21197
54.666171
