81.61112
72.732434
69.702387
65.279395
64.470588
64.330875
64.29335
63.855354
64.824211
68.739594
66.807732
66.791357
68.089799
68.156645
69.366437
70.83359
68.176699
66.828957
63.132457
70.765399
65.873281
70.820749
70.969865
68.308363
67.878246
68.667111
70.0558
68.202564
69.906183
66.676867
63.635862
65.279483
65.2899
66.91209
68.802725
69.848157
71.237714
65.973606
65.245424
68.182505
68.559181
70.215879
71.685842
71.353827
65.815675
64.325476
67.18948
62.096566
64.524653
67.778067
66.217661
65.31254
65.484343
66.276754
67.030254
65.526887
65.397283
69.355678
70.904219
70.374267
68.257763
70.19054
70.950826
70.830712
69.216448
63.777515
63.9337
67.878674
69.511866
67.659892
63.559492
64.292187
64.868178
70.219361
68.58102
65.511158
63.540765
65.424885
64.899913
66.759474
65.560022
66.455527
66.159049
67.955919
59.298748
65.705199
70.038424
66.877778
65.106753
64.845747
66.052095
66.169359
64.72896
63.036945
68.256833
69.592974
61.920109
82.301147
71.786032
