79.362278
71.83931
69.465581
65.012556
64.333299
64.20809
64.151672
62.481815
63.582353
67.529305
66.006625
66.388592
66.87034
67.778274
69.093591
70.585655
67.017649
64.156406
58.394613
69.127237
64.444043
70.607979
70.809085
67.170266
67.607491
67.52568
69.657275
67.864255
69.472451
66.314862
63.052619
64.598509
64.6985
66.372995
68.467838
69.617535
71.047688
65.170209
64.729427
67.718518
68.063539
69.505607
70.821181
70.5353
64.944657
64.07431
66.996977
60.168888
62.461739
66.945673
64.152047
64.686773
64.762278
65.039215
65.88497
65.022451
64.819082
68.659925
70.483274
69.80398
67.507536
69.479983
70.016578
70.330704
68.432398
62.940005
62.898011
65.812788
67.732746
65.19306
63.293337
63.728183
64.570639
69.634337
66.573885
63.466696
63.398008
64.621211
64.656242
65.872428
65.241731
65.156093
65.647848
66.990238
57.562414
63.379736
68.365474
64.619677
61.866123
62.169533
64.187499
64.318681
63.197833
60.972414
67.434576
68.973059
59.502625
81.95561
70.961532
