90.051097
87.894683
84.257919
80.365991
79.630988
79.561637
79.389428
79.617068
80.926287
82.995704
80.749348
81.195563
82.850145
82.6568
83.902835
84.790006
82.550793
82.322241
80.937031
85.496512
80.753586
84.366806
84.619696
83.189541
82.584219
83.209958
84.107677
84.725059
83.17584
82.526294
80.132738
80.039772
80.590681
79.300528
82.894557
83.351662
84.96705
82.274839
81.139248
78.766912
82.068099
83.102991
83.920083
85.033379
80.696121
80.647888
82.89087
79.812512
79.469975
82.256112
81.839993
80.146548
80.016013
81.916495
82.26908
80.465835
77.290752
82.128731
84.753525
85.044575
82.134216
85.127719
85.377932
84.587231
82.96416
81.464789
76.699835
80.580845
83.991005
83.898327
79.233271
79.915428
80.981563
83.265537
79.850438
81.911444
79.803071
81.032204
80.173598
81.77956
80.805566
81.531225
80.962389
82.550407
77.254377
79.345614
83.484864
81.677906
82.432955
84.19213
81.622065
81.64343
80.293033
79.07525
83.376268
83.180171
80.376587
90.587586
84.207788
