85.017393
62.910564
68.554544
72.663129
89.569908
74.179417
88.904063
89.296747
98.023676
90.073187
98.043277
72.65117
83.162442
96.225354
82.513025
65.67597
76.262713
75.223133
78.456027
77.767644
79.189647
79.532584
92.424427
98.590473
74.609361
82.208293
90.629948
73.778633
86.353926
83.887239
70.671112
86.680283
80.279666
96.807489
75.065847
96.089219
80.869884
97.381257
97.839765
97.913425
92.999563
97.051562
66.259433
95.558731
95.775737
95.352134
84.348666
96.469445
97.687348
80.168798
74.598845
97.953738
67.565461
91.498305
