7.005973
2.14856
1.889474
8.08542
8.178476
3.068764
3.386482
14.875754
10.679027
6.257264
10.250832
4.085884
7.056273
6.047266
6.839238
6.015604
2.290903
5.03262
9.210528
10.050764
3.594234
12.861317
11.38895
9.270719
7.715595
11.18082
19.491591
9.820803
6.715096
13.702759
5.888984
13.208505
4.838463
11.145036
9.671166
7.782588
5.912938
11.154368
11.954385
15.510464
14.733405
12.054118
2.507487
5.682207
6.877733
11.015315
7.593907
5.480044
7.171539
11.561859
4.850298
17.306781
3.967748
2.283175
