20.953206
13.763599
13.60453
30.12123
27.143432
17.919716
21.130326
41.476833
26.822021
21.913897
36.814489
19.722037
18.702975
23.606465
26.02698
16.248543
21.301215
18.671387
27.286398
30.377884
24.589671
29.795954
39.757175
31.256876
25.858458
29.419471
42.176187
26.874311
22.948984
32.282954
17.744529
31.938961
21.89579
36.850656
37.44348
29.473112
26.318605
34.150661
38.171475
39.315583
35.87408
27.006403
16.558336
24.554495
31.380867
27.952798
21.155172
27.251731
36.454363
31.60028
21.984856
31.622023
17.361717
20.055458
