44.955314
35.795977
37.326893
50.219315
51.491973
47.198513
53.653395
56.314953
53.355774
46.19278
67.091355
42.923653
41.741531
39.249891
47.041594
35.892302
51.908307
40.5523
51.2746
49.27209
54.257196
62.820687
64.306609
59.407262
46.246153
52.196197
66.963659
49.103534
44.257704
60.617112
41.066731
54.456108
66.698041
56.060005
68.052103
63.295973
54.3357
58.076309
68.746438
58.750934
49.248319
62.751884
38.703193
53.568328
47.007025
53.576216
44.234149
48.200725
67.030988
58.773915
48.31419
71.33266
38.957244
52.978992
