56.614477
46.546474
48.719859
56.662516
64.572002
60.279536
56.741686
66.116996
81.734415
62.355454
64.809029
53.891451
50.460858
62.364527
59.354174
52.656512
57.713285
51.167678
73.211875
68.013879
61.318296
61.420842
83.957875
72.288794
57.007493
68.162862
82.371134
59.143531
53.630443
65.569884
51.940713
72.283989
63.37425
80.703947
62.239202
70.900719
63.543632
78.576369
80.919872
67.307706
64.08867
78.699007
48.960143
65.909475
57.164227
60.880115
55.535234
67.086908
80.133875
59.401711
66.065337
63.722525
49.920764
65.472716
