63.768712
54.755574
57.591874
63.547262
78.544645
63.896293
77.928517
77.849531
89.13982
65.027294
88.365017
62.822052
72.729027
73.262758
66.713995
55.616491
64.97938
66.035332
81.551646
74.24002
69.11702
73.734482
83.293097
78.395379
65.009062
68.192163
83.025039
65.412606
69.672631
72.794409
74.865482
79.286338
89.129424
89.90362
68.050426
79.834621
71.743822
88.306561
89.844847
72.953783
80.239
90.006998
58.02877
63.741546
68.538279
73.541159
59.702573
86.976111
89.213214
66.661187
77.838327
69.097586
58.840015
80.463831
