743565
1182073
1097001
1048698
995735
1120386
1092515
1191619
1184889
938953
1047643
739906
1107685
1260909
789159
849990
976767
1101110
1101530
1114367
1191583
1147722
1112251
1062840
985625
1115500
1018042
1033554
1186882
1083510
1209053
1052896
1165887
1129927
960420
1066802
1195579
1156021
1160336
1162852
1170082
1012513
1019442
784562
987443
822605
1151833
1111975
1255607
964350
1186950
1189787
1155475
1058214
1151678
965652
1006641
1237763
910936
1073479
1210485
946743
900914
176685
126825
56379
