924231
1514564
1409511
1351082
1295400
1424481
1388446
1517387
1511551
1192865
1294455
926013
1420870
1594694
997140
1075571
1223073
1399017
1412738
1440215
1512828
1448742
1422712
1360120
1269311
1427335
1289365
1310952
1513732
1393321
1540802
1355733
1489623
1442385
1234042
1382186
1525263
1470002
1470287
1496403
1488336
1281996
1285840
971798
1231038
1012599
1481125
1422703
1602731
1237636
1525623
1505855
1474468
1370241
1467663
1214901
1276724
1583280
1170119
1376110
1550606
1212825
1128528
189355
132081
65037
