1266522
2150963
2035930
1844835
1804668
1852754
1929915
2222086
2126308
1597337
1672018
1208812
2002379
2194953
1362749
1483108
1712831
1958699
1991650
2094264
2179697
2147637
2053468
1931931
1563105
1790486
1624731
1796842
2226911
2009354
2225672
1822328
2185220
2013115
1673060
1905548
2227274
2081431
2118192
2166503
2175581
1669174
1588544
1250773
1465310
1310646
2052935
1996717
2232687
1783094
2218425
2110413
2160830
1956843
2070794
1623209
1859787
2222324
1641689
2000951
2215837
1777037
1601919
278813
147998
66303
