91.624013
69.929518
88.394161
82.939899
85.25375
90.366436
82.40905
76.453697
69.23664
87.944621
64.72882
82.949609
80.664224
90.400475
87.311921
91.360457
91.555137
72.333093
75.170135
81.816696
64.813737
50.17453
57.127935
86.776539
87.081265
87.949003
80.422278
87.237978
87.96776
92.568888
71.631442
51.759516
73.737582
78.818907
76.553743
78.795635
74.244786
81.58704
77.428474
73.129849
70.538592
67.750455
72.578536
80.954869
81.55469
80.696785
78.883481
80.135203
72.698664
85.360871
79.949771
73.979942
87.977045
96.709195
