92.984859
71.425131
90.220573
85.648216
87.969994
91.986061
83.549284
77.593585
69.957415
89.098569
66.259436
85.591686
81.949678
91.913855
88.932213
92.328061
92.991263
74.267461
77.616652
84.545992
67.661821
52.053804
59.256083
88.875938
89.070854
89.657236
82.359686
89.136973
89.940971
94.254647
72.832112
53.117959
76.982664
82.439945
80.600772
83.245149
79.081816
85.815914
80.336602
75.870835
73.518835
70.045211
75.073374
84.259382
84.968106
84.519288
83.495762
84.334174
76.897218
89.122083
84.708337
76.237989
89.129428
96.84201
