57.103718
34.491293
51.947947
35.030342
39.257369
43.573693
41.219343
34.629493
38.893157
36.700038
31.68475
36.32594
37.978736
52.929241
43.886875
53.413168
52.518668
31.761608
35.50597
40.780639
26.910725
26.811553
24.043239
42.131912
38.986944
40.257053
41.631449
40.302726
37.554615
45.559515
35.424107
30.812133
32.761445
35.022713
28.692118
28.727305
29.421665
35.174757
36.419961
35.807672
30.905865
34.784262
31.693958
24.803556
30.08969
32.275159
29.492242
29.912961
30.186715
38.298895
29.002035
28.313594
44.343907
52.916537
