67.485473
42.248769
62.382122
45.6616
50.423763
54.473665
54.071747
44.164844
49.244511
52.961583
46.516529
50.591234
51.467372
63.143102
54.878838
63.998565
61.771335
40.284879
43.917997
50.288916
34.875734
36.09554
31.307426
52.653937
50.125418
51.309504
52.057725
53.844161
49.255157
58.250514
48.305226
42.314752
43.060916
43.807858
35.310241
37.795972
37.34372
44.894639
45.794143
33.541918
40.822089
37.450022
42.033832
31.617374
36.274641
42.338435
37.166591
39.972809
37.853138
47.727674
37.427649
37.886575
54.894028
64.215893
