77.628765
53.994918
74.815081
61.511678
65.953879
70.202194
67.466871
57.405693
64.680621
60.21646
65.619478
65.329187
65.445232
76.457171
68.182809
75.920854
68.994072
52.23052
55.888983
51.955246
47.559161
40.887624
42.420148
68.440126
66.132149
67.508964
56.159408
62.0075
67.559725
70.730535
56.397104
47.030195
50.692586
58.042791
52.70764
53.192188
52.30571
60.19226
61.005774
42.114861
46.384249
61.755311
58.429579
47.010856
56.095153
58.511105
52.981179
56.52356
53.608439
62.466865
53.609675
51.966957
68.747197
78.087451
