82.50805
59.316866
79.606715
69.574879
72.812961
77.600305
74.508125
64.05372
71.962004
77.639402
73.224494
72.288315
65.154164
82.147764
75.193547
82.689869
82.829994
58.751535
62.477302
64.000802
53.620299
61.900598
47.845148
75.195648
73.550166
74.603601
73.897151
68.03267
70.896301
74.996026
65.183384
53.215147
52.087938
53.279914
61.357494
61.426657
59.626547
65.974956
64.903113
50.329056
61.634598
69.764936
60.8682
47.024581
63.437726
66.383414
61.419767
64.570293
61.042483
69.318706
61.214549
57.765394
75.947437
85.943392
