86.846592
64.543809
84.855042
77.109851
80.55006
82.10194
75.053896
69.869987
76.247325
75.784706
71.194895
79.302987
77.046777
86.856566
80.811268
85.06373
86.188578
64.574907
69.513042
77.794493
61.098983
52.69765
53.718752
82.46781
80.485452
81.243659
75.158217
79.817739
77.15601
82.866172
68.23764
63.885882
63.675998
54.036595
71.843891
72.673673
70.918743
76.576466
72.980552
56.73637
68.221491
71.658074
74.330803
74.831075
73.695918
77.031787
72.431788
74.288917
72.043514
80.870208
70.889263
65.667506
80.318873
87.959357
