79.958092
76.092689
80.351909
79.553299
81.64459
70.440043
80.249681
79.291782
81.776779
79.907167
82.766012
82.212899
85.439115
70.589497
80.860157
86.149198
85.902152
84.849696
86.545731
87.572154
73.74058
81.4175
71.830982
71.522917
79.219369
87.589093
75.642781
71.232939
72.773159
76.372278
80.919549
54.28517
75.62238
86.766929
85.503069
79.152511
82.570518
86.258007
85.21824
71.903352
62.498909
87.081815
62.070842
67.326495
69.669976
68.068435
86.983474
66.980842
79.116323
57.469658
86.201315
87.04388
87.222915
87.754086
85.387307
83.456298
82.547855
82.398539
87.145111
82.140316
74.364313
83.73875
83.031159
67.366865
85.436241
85.364687
86.435761
84.713547
82.805658
82.728356
82.650473
84.027868
85.750143
84.485799
68.698648
76.23327
69.513424
76.93824
71.728614
82.233615
82.005811
69.127752
76.854757
80.113537
59.195356
85.33246
82.75515
85.286283
83.303853
74.733419
85.841413
84.267803
72.611748
85.156599
77.201883
71.532147
76.144986
88.862721
76.889209
85.400177
59.918045
62.582346
79.406092
88.918237
82.167154
71.141612
84.051464
82.590339
84.901523
75.328174
78.698683
89.420783
84.869583
86.29148
80.013584
81.204864
83.861079
83.448445
83.722237
85.038644
86.41489
87.664533
72.275371
83.356101
56.287608
79.269726
79.193859
86.193932
82.436463
82.092237
81.033342
76.133584
81.951827
63.331554
77.636275
83.323065
73.166892
75.629564
56.329134
83.818112
86.030424
69.919772
83.665253
80.862049
89.604725
72.311309
62.423023
65.272844
80.633478
79.08637
79.541495
82.478088
59.54152
62.27654
64.36109
70.76419
67.969735
78.397168
76.673092
78.536808
78.764108
79.269952
67.322098
66.726774
69.997573
87.006843
88.756655
89.613525
92.183251
85.888176
90.635
88.438373
88.624004
87.055379
