75.537428
71.667015
75.167463
75.073149
77.948038
66.024486
77.022446
73.753444
75.7701
78.460691
82.492076
82.018246
84.891537
69.519672
78.718002
85.658078
85.395341
84.015776
86.181735
86.486666
71.059684
77.593432
67.10603
70.19949
77.773847
84.219199
74.061062
68.510439
72.063949
71.117837
76.440486
50.894726
73.765327
83.551328
82.124017
78.015053
79.718615
82.97592
82.493499
69.907023
60.746533
84.561191
60.243329
65.324113
68.431612
67.169869
85.620714
65.831659
75.913416
54.931628
83.175553
85.723117
86.341752
86.566551
84.472895
82.622548
81.593342
81.589287
85.925391
80.325036
71.619609
78.845048
78.675656
64.380155
81.115131
81.600255
86.125698
84.50866
82.590217
82.424077
82.456365
82.532913
83.57694
82.553553
66.411639
73.84184
66.217894
72.088226
67.487873
76.435591
76.663687
65.758273
75.646318
75.844189
56.708996
81.596867
78.566893
82.011719
81.463862
72.29043
82.513646
79.942053
69.047518
80.93477
74.722523
67.901557
73.827133
87.616634
75.1515
82.109885
57.475292
60.815365
77.925803
86.607053
77.68064
67.1215
79.86029
77.809106
82.282794
70.924996
74.349133
85.019552
80.068431
82.763702
76.021744
76.658706
81.452243
79.079725
79.567933
80.145674
84.692762
85.930808
70.461347
78.733644
53.810388
74.38102
74.863729
83.208276
79.507862
78.418285
77.14258
73.123938
78.138987
59.639019
73.196918
80.028405
67.542155
70.699477
53.125392
79.694259
81.754376
67.973304
80.977011
76.669826
86.957077
68.942502
58.388945
61.972543
75.968554
74.992252
74.612784
77.523385
57.42322
59.722344
61.332238
65.987774
64.545985
73.302194
71.207399
74.496502
76.343184
74.051294
64.075071
64.33787
67.036813
83.983911
88.349458
89.444756
91.461199
85.083507
89.767905
88.376026
88.579264
87.029551
