12.291565
8.478291
14.206799
7.682829
12.209669
10.872293
6.546387
9.9739
11.60945
5.996578
10.558783
10.090888
17.99072
39.218554
12.141812
19.031992
8.947401
13.464885
14.816171
9.306284
11.126605
11.946711
9.407766
14.601204
10.784209
11.634779
38.647483
6.282425
13.672445
9.179646
8.697139
8.165428
18.131964
6.560825
10.099505
12.283838
4.994051
9.10825
9.149343
10.499607
7.681066
11.250358
10.539218
10.255074
14.596942
9.641709
18.868314
19.830517
12.003898
4.635149
6.990165
12.850939
21.809643
16.357536
15.388356
16.448217
18.090145
16.101612
17.06449
16.05504
10.484182
10.796798
9.485166
11.018029
8.301309
4.688498
12.344178
12.290166
17.56018
26.800253
12.171145
9.816395
9.691694
15.599244
8.09627
10.390113
11.372951
7.09768
10.656582
9.489835
6.830067
11.227016
13.621775
10.237475
9.479251
11.194038
12.996952
11.698402
8.904154
7.959889
11.106165
13.642453
14.126418
14.058878
10.754032
8.148113
10.59922
19.17245
12.131362
14.024708
8.729803
6.442997
12.165357
10.225433
12.338439
7.248749
12.697023
7.448677
11.325281
12.556427
8.851585
17.802418
10.902231
11.746348
8.991215
11.151631
15.06522
14.890987
9.687446
10.023425
24.042059
13.292102
13.256224
11.118729
7.281872
8.982171
7.993763
28.937166
11.000376
9.054795
7.541353
9.828414
12.657522
7.640255
9.978248
12.033484
8.236025
10.38787
6.82309
7.139203
8.816021
8.68739
10.896199
7.287091
30.74861
16.650766
9.693677
7.631779
10.170398
13.415719
10.37839
11.515075
11.432651
9.434804
11.518293
11.903673
13.461686
12.769404
12.993393
10.898781
14.379385
9.159263
7.306761
15.267763
11.431992
8.680911
23.500394
27.834077
22.572822
24.429835
16.517711
14.125573
23.986976
17.131376
