22.613226
18.165256
24.439769
18.968031
22.109733
21.556354
18.239572
19.388936
20.842653
20.356121
25.766823
25.254054
32.012318
53.896805
25.438548
33.479841
25.342873
29.226745
31.721784
26.466019
22.359103
22.871309
18.927903
20.449867
27.076882
27.267977
49.001342
16.762052
28.276342
16.333926
17.159142
17.023713
33.374515
18.795283
23.618871
26.559356
20.114316
23.415638
25.305161
23.889422
20.681313
24.608866
24.820183
24.400636
22.53858
25.363116
32.146914
29.863644
22.038679
11.374392
23.165662
28.469303
36.078628
31.706372
31.176733
30.698551
32.685423
30.553041
31.736167
30.374012
25.352383
21.999063
19.529281
23.249435
20.082132
19.712162
28.571427
27.540314
33.102922
42.194858
27.969855
24.871195
22.269687
30.521619
24.484727
22.273811
22.838663
17.709621
21.420528
19.701572
17.240634
20.235572
27.428076
22.504193
20.201896
18.719843
25.397292
21.135448
24.866811
22.042644
25.399757
22.604995
21.283168
22.880367
22.636336
18.150196
25.667065
39.430462
28.552648
28.245151
21.294262
20.173797
28.081465
19.667041
22.634893
17.537307
24.300699
17.166906
24.84639
21.746034
20.507496
29.596308
22.415108
21.506949
19.847584
21.793115
27.575338
23.201488
20.075761
21.668713
39.167729
29.239736
24.146565
25.941857
17.245591
18.697235
17.938215
41.696916
24.21667
17.754136
19.3279
20.577328
24.16578
16.442618
16.455052
26.349281
14.225015
20.498672
15.720065
22.053805
19.3335
23.209668
25.906051
15.362089
48.081269
27.817494
18.872673
18.232291
20.858294
24.453086
19.660612
21.253589
23.726328
20.24239
20.632358
21.950133
21.549425
20.799686
21.558956
22.539138
28.009025
16.171922
15.468098
27.740557
19.711605
23.647739
40.373808
44.186519
41.483738
38.956053
34.51682
31.022947
37.742839
31.757842
