42.586628
35.063294
44.057927
40.45651
45.177107
42.202303
44.996404
31.940727
41.319467
42.948026
47.162404
46.576184
54.9375
72.031717
49.077968
54.192587
49.97933
48.50279
52.192716
51.452546
40.6911
43.583923
27.685204
48.456629
48.414057
50.25984
63.862907
42.914554
51.8277
37.869643
41.115842
36.058425
53.430775
48.334737
45.544958
48.141215
33.871753
48.240727
48.757161
45.793916
33.875737
43.82096
45.428023
41.50303
41.162222
45.936315
50.64049
50.748276
38.18597
26.82684
29.925394
52.745719
57.334507
54.798682
54.770939
53.541397
55.430968
52.468762
52.82129
49.813652
45.113823
42.442164
42.761971
31.917823
35.227979
40.000235
52.839457
49.902507
53.613589
54.120218
49.924207
49.479168
40.339362
49.757369
44.826609
44.324937
41.701342
38.695963
39.771671
40.23547
39.367584
44.416494
46.868283
42.809875
29.373165
43.526157
46.915231
47.206521
47.00443
48.954908
44.630387
48.395598
47.972533
48.944769
42.557206
46.065263
51.24795
51.512814
42.293852
48.034904
43.044903
37.731863
48.63216
41.176439
43.249839
35.794728
40.586428
41.949892
44.715633
42.915722
37.986037
51.884572
46.080677
38.378245
37.961379
44.381388
49.384936
41.476863
45.381391
44.408602
50.462444
54.163341
42.3494
47.304854
38.850445
37.591175
35.966127
60.656646
43.572653
41.826115
40.522504
39.601535
44.671204
29.889515
41.421687
43.891434
34.529278
39.084886
33.324694
33.185261
36.686167
47.028179
45.992027
36.217975
66.406875
38.451594
38.553714
33.947826
41.767742
38.096994
41.790031
42.76914
44.262429
36.594324
40.626608
36.684426
41.244366
35.905738
36.372751
42.307747
40.90181
30.933766
28.474232
48.944381
46.372564
47.5383
61.802164
64.982562
66.523137
49.638605
53.880597
55.247626
57.230393
52.060343
