37.158582
30.871719
37.433443
35.005212
40.010212
36.3
39.468087
27.415099
33.408717
39.829101
46.468115
46.000646
53.336292
67.551613
43.926227
53.030131
48.313563
45.893957
51.35249
48.557845
36.882907
38.353012
24.262103
44.677587
45.230636
44.773882
59.356832
36.883363
48.585043
31.375655
34.232983
28.925414
48.270104
43.230569
40.221235
45.782354
31.379056
42.667761
43.630319
40.65899
30.726331
40.136296
40.510476
36.884957
38.475703
42.587701
47.227596
46.238604
35.156896
22.637172
27.090628
49.596234
54.13899
52.011074
52.522512
50.983614
52.428192
50.015657
49.9579
46.584225
39.07506
36.03555
36.708819
28.584123
31.876924
35.032015
51.38128
49.207928
52.881668
53.207617
49.449697
45.87428
37.718554
45.896372
40.048764
39.945721
36.336285
32.642896
33.980448
33.998611
33.480404
38.322029
43.863156
35.361427
25.513708
38.230742
40.198053
41.353014
42.575832
42.709828
40.803143
41.033189
41.205155
41.737019
38.438324
38.798726
45.410156
49.053057
38.408824
42.588143
36.131826
33.700969
45.028726
37.837705
38.264704
31.104487
36.721424
35.020237
41.328553
36.724482
33.376718
44.601288
39.642637
35.138961
33.963508
38.063437
45.409488
36.218152
39.009556
37.149018
47.644627
49.78442
39.222448
41.238005
33.292403
32.367712
30.401864
55.117996
38.266546
36.520873
34.659821
34.688085
38.353766
24.633627
35.056165
39.12809
28.630997
32.833967
27.038738
29.583654
32.37583
40.90261
40.311589
31.052453
60.08576
34.614913
32.383304
29.676919
35.667088
33.318579
35.439277
36.413627
38.996194
32.379163
35.536013
32.141289
36.618223
32.344595
31.375861
36.903507
37.552061
27.010868
25.375817
42.281312
40.229997
41.679759
60.35389
64.222032
63.283017
43.9947
51.660666
54.964222
57.103013
52.029593
