51.618408
55.084464
49.15743
53.494774
47.772893
51.180175
45.616804
49.493845
52.121427
57.754313
60.391089
60.0564
65.762133
79.899584
60.61319
66.364587
64.190186
63.86181
64.347952
65.335606
47.985704
52.868559
49.854974
60.340584
59.993379
59.823385
72.351178
45.717217
63.600769
47.374226
45.128426
46.133478
60.61163
56.406987
52.146569
60.360816
58.188366
51.501264
50.301482
50.797984
55.414523
55.597278
45.849625
48.871601
58.483533
60.277219
60.341283
60.692217
56.254933
33.150491
46.20242
64.620766
66.438011
67.523152
65.353569
66.584832
67.447566
63.40603
67.188362
66.584615
58.190882
56.119216
56.346681
58.322179
46.458964
58.524579
66.567879
63.157635
59.775463
70.346896
63.352266
59.59904
48.657599
63.634006
58.092559
56.802723
52.332024
51.706566
53.62619
53.658707
44.458187
56.42426
61.864006
39.57237
52.099354
53.541571
57.886512
58.835591
65.509952
61.688975
61.133584
59.240255
46.915987
60.820461
52.137526
57.579167
63.915504
63.548529
53.105038
58.502069
54.198137
60.173613
63.726459
46.140952
57.651936
44.940852
49.718704
54.774361
56.628093
51.230108
48.755723
63.407695
58.356182
62.321226
51.682305
54.756945
61.439215
47.450544
57.44914
43.198306
70.138879
66.606399
56.784271
59.002235
51.734632
38.007983
52.268734
68.249001
57.496192
54.711457
54.009484
51.261742
54.69694
34.868891
51.490445
59.34585
44.521686
49.999403
37.580089
43.267759
57.497764
59.157412
58.784995
54.955441
73.98632
53.799797
48.803104
50.647112
53.007298
54.983861
53.849699
55.265573
45.179047
47.083906
42.032478
45.804907
48.347392
47.901347
39.435906
54.677379
60.162912
36.504746
36.637983
61.222479
58.118138
57.181813
72.906245
75.139313
78.716756
67.294497
71.862205
69.319903
69.561897
65.350155
