65.736567
67.255522
63.944571
64.725408
55.974809
59.453288
63.201686
64.036782
66.820098
62.642275
64.387741
64.03431
69.788903
85.124846
68.840888
70.575398
69.042645
69.284693
68.236457
63.996749
53.46092
65.152876
56.185571
67.420649
70.550447
59.321022
78.458707
51.531987
69.808775
61.990465
67.134093
36.766099
70.830709
72.230122
72.187393
67.856664
58.783236
71.953639
51.187695
67.220247
49.89668
52.368486
70.63703
60.388629
56.74211
65.061797
66.453938
58.74968
64.757068
39.26013
44.11315
72.79748
73.815825
73.154583
68.625888
72.410039
73.267462
70.339744
72.782631
73.642663
52.588573
50.907805
69.619453
59.923424
54.653769
69.065739
71.032062
66.981858
69.528023
73.923055
67.237891
65.16932
54.887088
71.432741
71.358292
64.094643
62.375097
59.724156
64.443802
60.763522
64.636996
50.253255
63.618404
65.538406
63.684666
70.958578
69.128156
72.490627
63.596787
58.16492
70.887242
69.1148
59.921913
72.580157
58.712449
69.949803
72.887696
65.773792
60.227649
73.0905
66.194758
50.331189
74.009069
57.147514
67.885463
55.047847
71.215838
56.152222
71.104558
62.647212
59.178002
75.521213
70.914403
68.852475
61.262184
69.223455
69.389909
71.71016
65.698636
70.472408
67.551937
52.382351
52.660818
72.434282
64.277883
58.257415
48.684558
76.734526
62.573328
64.50213
64.965758
53.289821
50.753385
37.528577
63.719223
62.361107
59.016064
61.15113
47.947933
67.667441
69.188197
69.6647
69.417934
67.249511
83.104877
60.454287
60.781711
62.078419
64.914754
69.398579
62.162732
67.956924
68.195885
63.014009
56.61093
60.840834
63.31302
55.250951
49.7266
52.401348
61.54546
60.842404
46.766482
72.338376
46.57598
71.287482
76.904625
79.225656
83.662349
70.455111
77.462041
73.120003
72.611715
68.5212
