93.070282
91.389576
94.123771
91.830425
92.430001
94.304302
79.642483
72.227275
88.157155
72.769138
94.188238
87.89553
93.754445
93.065082
93.359739
94.409678
94.242156
93.516128
87.354923
69.382591
82.649511
89.996778
94.297409
85.985118
67.147354
91.444729
88.813422
92.970532
93.752651
92.867989
93.251734
77.038923
86.307564
84.487532
94.301115
77.200479
93.843536
94.909456
93.444519
91.808936
61.936279
93.894919
92.804829
65.543504
89.371186
90.992412
92.891977
92.767256
75.80359
91.803602
59.13685
73.832131
90.509315
87.893406
91.744702
89.954496
91.44367
92.596656
71.570882
65.504487
86.669024
66.979316
91.897617
85.64706
92.322599
90.933292
94.414157
95.554893
85.922796
93.019989
87.331072
58.202987
78.387121
92.705857
83.160294
92.941177
93.052048
88.633584
92.997151
89.419487
82.967961
82.216253
86.126463
91.969336
93.729973
94.091885
76.924832
93.371215
83.482952
92.786445
91.957398
76.573948
91.318183
91.41697
92.802333
93.280998
79.450821
92.59152
75.815509
93.836484
92.406853
91.76188
