93.49307
91.543971
94.550738
93.344671
93.791275
95.076001
80.599025
72.727966
88.909672
73.393263
94.586269
88.140108
94.474921
93.782749
93.987197
94.850774
94.727202
93.848734
87.814392
69.714869
83.030734
90.267402
94.605884
86.432972
67.470452
92.170192
89.397272
93.616287
94.476745
93.728836
93.527594
77.307873
86.544505
84.70934
94.879957
77.695594
94.816773
95.337293
94.164975
92.928795
62.275282
94.454603
93.79595
66.257234
90.374077
92.105282
94.182779
93.75048
76.716254
93.006611
59.484761
74.774308
91.330955
88.594896
92.193395
90.528626
92.226409
93.441379
72.117944
65.800007
87.510256
67.505264
92.821436
86.589543
93.460131
92.477701
94.919073
95.928807
86.276004
94.018421
88.027258
58.621584
78.873041
93.244909
83.592009
93.459324
93.546312
89.146267
93.728258
90.302094
83.816117
82.814608
86.774885
92.625178
94.251056
94.620533
77.477627
94.18828
84.496246
93.523605
92.530367
77.182204
92.441045
92.542375
93.63508
93.873305
80.051739
93.305822
76.352875
94.731758
92.470473
91.800304
