97.809189
98.196195
98.57998
98.73421
98.936278
98.933371
98.953242
98.731087
98.809762
98.86609
97.944451
98.460787
98.673644
98.615513
98.528204
98.018219
98.492795
97.993727
98.824727
98.714985
98.652
97.842326
98.05484
98.287359
98.696019
98.614753
98.39818
98.49759
98.982079
98.960395
97.724111
98.299449
97.942304
98.042595
98.486654
98.814454
98.952402
98.480841
98.888802
98.956628
98.490743
98.342351
98.777075
98.825761
98.890439
98.903685
98.934537
98.797643
98.840153
98.954475
98.882711
99.032803
98.633851
98.373908
98.155144
98.439508
98.507815
98.929923
98.932049
98.402949
98.966966
98.903752
98.831494
98.881561
98.877905
98.746307
97.992258
98.026254
98.159057
98.760296
98.862001
98.720415
98.547516
98.367251
98.2295
98.123732
98.466704
98.669865
98.546349
98.658142
98.660372
98.569263
98.809461
98.145906
97.987976
97.929489
98.174119
98.401676
98.868118
98.269322
98.339095
98.69256
98.847523
98.683287
98.617641
98.677421
98.823596
98.381956
98.656047
98.250674
97.428143
97.428113
