45.120057
37.736049
54.254868
38.295466
41.469501
47.781047
40.691565
32.633944
49.066453
52.077483
48.722502
53.036701
32.484995
48.674339
49.985813
50.364368
58.098954
45.629933
42.690998
52.748639
48.881771
48.961533
50.444027
62.150926
60.479478
52.470548
49.564573
48.73882
48.009456
37.705487
56.3367
39.227315
45.600198
56.645685
54.318073
48.762225
51.561586
45.513436
41.898686
35.516008
44.753003
45.111465
49.337877
34.724866
32.978458
35.209335
44.431875
43.149598
40.082201
38.12115
52.631801
39.911338
54.128772
35.218227
48.771493
55.635084
43.015537
46.244431
31.463373
48.080114
40.297766
45.352939
36.002416
49.948067
27.720982
35.382324
55.831027
63.298731
66.19976
55.712533
49.865429
54.484064
44.570627
43.405687
49.922255
49.853999
56.831165
46.941603
46.215016
52.075532
50.847262
42.329976
42.259666
44.273762
38.907714
45.915465
42.976688
42.679454
44.488686
48.427282
41.040334
35.188322
48.639583
48.53748
42.684441
35.250416
43.65499
28.252032
36.081216
34.172663
29.163549
27.248638
