57.006467
59.742884
68.318151
50.326881
57.363677
48.514888
53.472343
44.67864
50.779914
53.072831
62.083116
64.278495
62.379435
62.505445
62.706124
64.059552
71.50355
62.983048
53.820486
54.46043
61.766603
63.021015
63.874005
72.551302
50.961751
65.367812
62.219363
63.976258
54.218232
42.76596
65.652217
54.642615
61.053484
66.737673
66.241926
63.477556
65.230145
58.329342
63.429266
49.532498
41.531034
60.918101
63.712343
41.922648
60.909219
45.686089
60.777891
56.204055
54.312039
61.007702
42.341913
50.628943
64.262943
59.528691
62.611783
66.272501
58.807048
60.960107
49.195246
58.96719
56.13238
46.419336
59.76797
50.189373
40.437607
51.563755
68.368997
72.608146
75.520571
68.517755
63.656607
53.482336
68.993738
68.160332
56.234163
57.610188
69.099338
64.195985
62.173152
64.994387
59.976796
55.160371
50.536782
60.501133
52.22436
60.234561
57.806984
58.939766
48.899999
62.241961
51.424834
45.635077
64.615625
49.100919
61.670676
47.462166
52.31588
45.506749
54.990155
53.9205
45.45406
43.416973
