63.821286
71.460115
79.341625
70.874303
71.651634
66.102954
65.114077
58.491599
65.834633
60.71027
76.234733
81.350153
77.897561
77.62703
78.566571
78.478911
81.744359
78.649933
71.320997
80.589598
70.921411
77.988328
78.530839
71.63955
82.391613
78.211616
76.043698
77.731417
77.817465
73.897857
77.419291
65.964257
74.101185
81.699102
79.985117
64.142816
79.017322
74.523739
77.640906
53.264201
51.659344
75.595165
74.285604
69.191305
67.153842
73.30158
73.206861
72.670983
74.9607
68.415651
55.39712
61.373936
77.570488
74.690102
77.165199
76.994102
62.584838
75.877343
51.720097
77.780297
68.295965
63.937382
45.203528
53.154951
57.762528
66.882902
81.659231
77.28972
81.491834
79.64924
58.772146
78.410403
65.571578
80.862285
75.403399
78.77822
79.422487
72.993775
75.016597
53.391744
75.105885
58.994203
65.308555
73.682212
65.322937
76.416236
72.327715
75.035258
72.483275
74.572615
63.291228
55.867348
69.207485
70.968478
75.858211
55.492562
72.911708
63.295087
55.138608
67.766338
65.540541
63.718331
