64.531382
73.819764
80.985262
74.57164
75.491682
69.038254
67.077966
60.544152
67.946237
62.637889
77.245944
82.32155
80.294637
79.695757
80.474584
79.620791
83.137212
79.612381
72.893093
82.29633
72.411304
79.081932
79.49525
72.786968
84.105629
79.76165
77.484002
79.525277
80.717934
77.112844
77.847252
66.898255
75.03978
82.582668
81.737955
65.895452
82.065367
75.771231
79.640188
55.763854
52.8435
76.979522
76.561372
73.472134
70.120938
76.7759
77.420125
77.261274
78.041414
71.12346
57.051465
64.575794
79.408695
76.761643
78.491581
78.362443
64.228957
78.185088
52.922903
79.66155
71.129009
66.583251
46.693976
54.840226
60.363814
71.994507
82.608968
77.878521
82.480446
82.40782
59.940425
80.294879
66.709702
82.444047
76.452354
80.143104
80.510866
74.354441
77.24866
54.574637
77.825319
60.130372
66.944413
75.158008
66.45496
77.780148
74.37759
77.211546
76.101883
76.731981
64.46214
57.134095
71.680086
73.86343
78.044164
56.881017
75.740134
67.413567
57.091975
71.276469
65.606301
63.763822
