76.456589
83.876625
87.560704
80.445788
84.275334
87.296131
72.981291
61.364923
73.376034
69.909601
84.117472
82.019884
86.432019
85.192093
86.891489
87.115902
90.010581
86.224446
82.30657
75.135362
77.704045
85.960452
87.775277
89.455999
81.903929
86.850473
83.573969
85.848777
74.118196
84.777864
83.07903
83.398316
83.403952
84.074377
77.561217
71.894109
82.952554
87.471738
87.776208
72.17315
58.67266
68.481225
85.193161
70.672586
84.418535
82.201103
84.340393
84.259547
79.033812
75.818153
61.431612
67.308265
78.58279
83.662792
85.466517
83.14338
84.860944
83.760962
66.173683
85.597226
88.086993
84.102008
45.24929
79.756937
82.853169
82.1672
81.050227
91.311661
90.293906
87.696907
74.375602
67.885458
79.855681
87.529523
72.205163
86.372752
86.682816
86.366411
61.930123
67.238532
83.835842
65.871924
78.354911
71.404823
84.569241
86.138369
73.228087
83.863939
82.946582
82.494854
70.796615
62.503638
84.709325
62.828638
84.399133
86.367337
70.15947
79.272476
81.609031
81.010142
77.252062
75.601827
