84.187737
83.634389
89.438744
87.079271
89.470757
90.460014
75.7875
67.988566
86.825843
73.269926
86.43352
82.06472
88.484936
88.618459
90.238554
89.751142
91.6555
87.587232
84.841808
77.129156
79.824117
87.935061
89.980602
81.284631
61.365525
89.616211
85.922213
82.789887
61.612368
83.356615
88.911478
65.262853
73.387131
90.502976
90.949406
74.180555
86.168352
87.516129
89.841118
75.553053
60.658373
73.05549
86.241996
85.51794
67.410145
63.389275
88.770106
88.696758
87.449078
79.569591
60.873257
70.598993
80.439995
83.873178
87.838104
85.202812
88.245837
87.538782
67.867412
88.240631
73.516079
69.93319
56.613978
83.147045
87.304039
88.206125
91.693994
93.250452
88.101113
91.196737
77.631655
69.398359
78.184357
68.080785
79.328303
88.648831
88.776786
87.857643
87.141321
76.509141
88.840893
77.897926
67.661528
73.562231
80.646231
89.171849
76.260193
87.215456
87.451222
86.435176
73.073875
76.353453
88.493028
65.305592
88.190525
68.676471
88.022809
82.411369
69.006517
86.437811
80.338954
78.79591
