92.939261
91.427348
69.974873
54.789875
79.593149
90.658795
91.346922
93.538211
95.000218
91.261694
64.510763
89.504219
90.507953
90.201803
74.93595
87.908533
88.557618
86.221465
88.92189
73.790532
91.970471
91.89857
85.955165
91.399584
88.948121
79.34
90.061208
88.847067
77.621728
91.878869
81.681594
93.687629
74.682648
89.092518
84.178749
91.528326
70.439356
78.368643
83.535844
73.187788
88.412597
87.290617
87.634306
89.222656
81.269664
84.984439
49.875197
75.794052
76.617766
93.40544
96.99326
97.428043
