98.531888
98.546767
98.558456
98.594775
98.9316
98.548996
98.31185
98.764789
98.851698
98.66396
98.782609
98.848071
98.892124
98.911828
98.904763
98.797247
98.887629
98.872664
98.83721
98.744071
98.674573
98.84176
98.754464
98.889606
98.842877
98.157808
98.863858
98.923278
98.912546
98.922044
98.509795
98.754436
98.785246
98.813772
98.935686
98.73257
98.963247
98.95383
98.913564
98.922356
98.868899
98.911487
98.956867
98.917161
98.868333
98.732371
98.878632
98.681322
98.070948
98.043227
97.451026
97.428043
