30.131789
31.134618
27.470728
22.56436
21.870967
21.364307
50.808065
41.3832
28.571597
36.679307
1.587195
25.894195
29.944113
17.719334
13.107858
8.21987
23.817391
11.876657
14.938074
20.328822
28.88793
40.900328
18.458286
13.554223
16.958979
19.347209
18.358348
14.134963
11.120843
27.959712
48.895092
73.844706
16.993401
26.327976
28.046369
29.486563
15.065857
12.34892
6.342385
8.553251
14.604663
16.912654
12.10418
24.790477
8.478292
14.18407
6.425325
6.362152
25.72972
34.409385
91.127006
97.428038
