47.426132
40.474163
38.284456
49.194848
35.343335
42.639749
61.979692
52.484013
37.51599
49.874741
7.045046
42.403275
40.81957
33.907167
26.738566
30.08601
35.931084
18.058497
18.261537
35.784382
42.649373
45.244447
40.535192
28.66978
26.874603
35.375539
37.29618
34.589803
16.369365
26.107194
60.76269
72.481791
22.554641
30.99898
41.855543
36.700492
21.764913
16.597955
15.33976
14.57176
19.506129
30.576721
21.392358
38.137177
15.584945
26.74504
19.426648
11.998296
43.489036
48.528873
92.914163
97.428043
