66.980719
62.449972
52.270627
46.175264
51.911581
64.631199
73.62617
64.389615
76.253341
66.86475
16.656463
65.814579
53.946088
42.937285
49.754134
55.458539
52.982413
28.605294
54.937799
60.018056
64.142631
53.90456
61.289674
47.834339
63.221785
55.025119
66.682035
57.962005
49.243168
52.175731
74.911221
80.269673
41.70744
46.909904
60.900768
39.686657
33.210946
27.235823
32.495608
25.461637
54.965395
43.537076
52.335259
31.863622
33.394671
47.732565
37.505511
32.026901
61.294442
68.118282
94.63517
97.428043
