65.413943
60.442329
50.873757
45.090103
48.062956
57.892737
71.909137
62.627962
72.843975
63.230551
13.198648
59.013531
50.956646
39.575323
43.989341
47.011039
47.101971
23.464676
46.214598
54.096847
57.546758
49.841462
56.689193
43.312604
58.523846
52.40209
62.396366
50.698881
45.11935
46.887457
69.614847
77.944089
35.096074
41.744709
54.072494
37.512196
27.842477
23.033128
26.722389
20.813139
46.056318
35.055241
44.734003
26.288944
27.349453
39.202003
30.590311
24.984059
57.933032
66.495184
94.637975
97.428043
