78.993798
73.612556
59.580543
49.320768
64.494801
72.640783
87.398235
69.443711
75.751354
74.891679
28.677515
75.649649
64.996931
56.410868
56.3057
65.587352
59.649873
45.129688
64.69231
71.75622
74.248099
80.688059
70.995442
49.184424
73.796761
71.554001
75.930255
69.183713
68.650658
72.724224
79.830171
87.607492
54.778292
74.199183
56.838903
69.664835
64.987457
60.659743
34.361976
57.73293
65.085958
57.7127
68.333475
60.831566
38.366715
52.853955
31.840073
42.049536
56.040731
78.397731
95.615934
97.428043
