82.218929
74.446603
73.628575
74.055664
70.677857
81.696043
90.453975
71.823689
64.404926
81.205476
31.872566
85.079182
69.236622
48.232305
63.675484
79.054806
67.154291
75.074443
79.794728
58.817405
80.901087
87.036545
56.435308
54.385874
53.728184
77.457804
80.783133
70.903006
76.665799
84.112488
85.596534
91.183944
58.62835
83.296327
68.656099
85.791927
77.463718
71.344845
72.383402
63.271218
77.362254
70.883094
46.508982
81.083938
51.379627
66.257681
38.832939
55.492018
75.124288
83.046445
95.280252
97.428043
