54.900427
49.505564
76.091162
80.42962
76.784531
78.482031
59.451027
67.388755
78.794956
63.140177
74.602744
61.095746
59.745388
85.599004
51.63535
48.17498
68.216965
69.115694
72.697891
71.741908
62.915577
77.032821
78.513504
71.898213
51.066967
50.118984
79.852375
68.984321
44.786195
79.981512
71.09756
74.888165
60.892948
56.861034
82.075083
59.649481
56.923127
76.112813
64.805428
42.915076
62.993146
60.054935
71.458293
77.614236
46.469789
73.384043
60.27828
70.590149
87.158289
89.997533
87.941402
