56.849587
51.624398
79.822455
82.75744
80.622997
80.353094
61.390136
68.962429
82.339375
65.782758
78.308021
63.16029
60.465054
86.708095
53.125741
49.503435
71.729844
73.10697
76.212968
74.363293
65.649432
80.473299
81.809745
76.68249
54.260286
52.500626
83.104344
72.835852
47.026969
83.681942
73.969555
77.359553
64.323605
59.907914
85.388429
62.664977
59.694252
79.406143
68.832601
45.950338
65.862985
61.926378
74.39715
81.361861
48.83962
77.837754
62.416417
72.649034
87.564354
90.200083
88.037406
