98.880547
98.882782
98.815421
98.295146
98.96239
98.349814
98.825868
98.607611
98.936098
98.954444
98.83638
98.872799
98.925442
98.598046
98.875542
98.913356
98.902913
98.931803
98.903976
98.927813
98.896729
98.818986
98.819719
98.842764
98.8788
98.885317
98.87272
98.915563
98.832132
98.958614
98.835326
98.851631
98.875973
98.915489
98.856143
98.937919
98.930455
98.92374
98.933415
98.879782
98.86334
98.813734
98.962969
98.872909
98.879405
98.87654
98.872311
98.908095
97.962894
97.600278
97.441297
