30.428062
22.955039
19.24628
32.104537
21.928843
35.538189
17.352664
29.138155
17.549803
16.705008
23.908714
17.753287
18.072904
40.700701
18.766821
21.812437
14.623668
17.621933
15.231904
26.336064
16.328851
27.077817
28.271739
16.659584
8.984176
13.266878
20.943449
19.896825
17.437004
27.988415
28.621609
29.371184
11.05871
15.351865
34.423908
15.175469
14.487837
25.228536
22.064276
10.330753
16.611856
25.24844
20.238324
24.11457
11.649751
13.182349
16.140793
21.804604
42.193619
55.602346
36.015305
