42.827315
45.863083
56.056988
65.666257
59.431193
62.399218
44.25197
52.177172
51.612217
47.23433
54.532523
50.461059
43.4873
72.136632
57.891891
40.124639
47.484263
44.019836
39.228109
53.531485
40.202186
53.955506
61.300085
38.298539
35.850725
36.199582
57.874103
51.399509
30.364216
60.226103
56.13102
49.277788
37.311567
37.67627
62.55632
48.71749
43.631014
67.874037
42.483211
29.447591
44.208436
48.032468
53.953875
53.382198
33.662798
48.741142
45.531511
53.763019
70.657042
77.283657
68.700736
