49.491241
47.251219
65.732852
61.006612
59.410457
69.477408
50.965431
57.371368
60.908769
56.033524
67.312379
58.110815
47.576895
77.229198
45.86105
50.978375
46.906277
60.487024
46.374003
60.053769
48.031015
64.19099
69.878056
45.787475
38.438786
42.943449
68.811978
61.464447
37.476138
69.651258
64.220811
72.359013
47.234596
50.179088
71.394873
60.43147
55.423812
72.109723
52.470746
37.779309
53.766552
50.43352
63.699539
64.404404
40.939476
62.41023
52.924833
61.140838
74.695396
79.06712
72.359769
