99.985762
98.742373
99.583078
99.093485
98.677293
98.97837
88.892144
80.250049
95.632995
80.566357
99.350363
93.337034
99.153374
99.057269
99.272694
99.454747
99.300871
98.525999
95.217946
78.909987
90.091557
97.522009
99.60278
92.245488
74.227232
97.984653
96.641394
99.374729
98.407692
98.900377
99.410638
82.579431
95.340792
94.766584
99.953579
86.006729
99.461691
100.0
98.630939
97.555088
70.472599
99.115589
99.144823
75.669163
96.492342
98.043635
98.950612
98.960564
82.566692
98.855114
69.470659
83.687741
98.487671
97.084551
98.992329
98.142927
98.619419
99.695044
82.286116
77.463345
92.767079
76.501181
97.848763
93.604248
99.254043
98.030623
99.996788
100.0
93.175498
98.990904
94.911529
68.455117
88.455222
99.026214
91.853057
99.392717
99.699577
95.315289
99.264796
97.044957
92.809057
91.978632
94.554277
98.717256
100.0
99.858026
87.10124
99.999729
89.808475
100.0
98.977008
83.524125
97.709884
99.093341
99.996856
98.991487
88.886975
99.880828
84.404473
99.918338
100.0
100.0
