99.963438
98.762584
99.577097
98.805333
98.485196
98.971387
88.811182
80.246885
95.621783
80.458646
99.341997
93.340742
99.160173
99.052421
99.265206
99.446862
99.299893
98.520916
95.207892
78.900785
90.102486
97.516206
99.602736
92.217325
74.249223
98.011384
96.63128
99.372761
98.400576
98.898386
99.400183
82.570293
95.364706
94.7354
99.897382
86.007084
99.442734
100.0
98.648181
97.478188
70.450741
99.102331
99.047075
75.448953
96.449245
97.92485
98.752461
98.739917
82.445374
98.832042
69.500021
83.507822
98.490765
97.032672
98.980148
98.139335
98.599787
99.648452
82.206852
77.463608
92.683893
76.334944
97.800461
93.596065
99.209824
97.786473
99.991561
100.0
93.119485
98.933232
94.887809
68.345364
88.407318
99.034868
91.804999
99.369636
99.686389
95.299975
99.261894
97.003461
92.792332
91.946088
94.534838
98.692557
100.0
99.856795
87.047294
99.983985
89.744804
99.986668
98.96139
83.50695
97.6426
98.985198
99.970792
98.934714
88.736068
99.854141
84.347537
99.771965
100.0
100.0
