62.676977
56.437044
74.290573
55.216712
60.252389
67.694611
58.879035
48.398702
68.750017
71.737469
68.708529
71.495814
46.638547
68.534851
69.907295
70.351273
77.212552
63.344691
62.149138
72.89851
67.940055
69.025203
70.696601
81.592347
79.297106
72.323604
69.237229
68.72074
67.754704
55.745582
76.264114
53.715916
65.063353
75.749162
74.370573
68.967975
71.820764
65.399892
59.426862
50.531605
63.416177
61.957009
68.733233
51.704006
48.366648
51.152205
63.859835
62.398282
57.942636
54.796648
72.553527
57.195157
74.227357
52.402551
68.809074
75.589174
62.352248
66.028387
46.95708
67.426602
57.191139
64.996272
52.414797
69.035766
42.040325
52.983728
75.872481
81.895743
84.686108
75.22494
70.065767
74.220786
62.051214
61.059818
68.917934
69.310642
76.26711
65.687798
66.101994
71.820539
71.193877
60.700851
61.4475
63.886758
57.822458
65.948142
62.592913
62.074931
64.069311
68.320957
59.645332
50.766589
68.256115
68.359082
61.239802
50.535141
63.299488
44.775979
54.276789
52.188004
45.920811
43.513031
