75.21062
79.144838
86.176387
67.886903
76.636633
65.052267
71.643256
61.661291
67.13784
70.219149
81.206393
81.39652
80.999824
81.486433
81.483693
83.070962
88.495766
81.060366
72.701004
71.700534
79.612045
82.059739
82.999183
89.737952
64.871079
83.679365
80.900118
83.154183
70.618913
59.270155
84.141262
70.035299
79.850264
84.90447
84.438603
82.646118
84.063432
77.64723
82.358147
65.470836
56.685299
76.848741
81.801144
57.730575
80.195527
61.896059
80.028887
75.201807
71.988312
80.161641
57.27224
68.113952
82.532962
79.047322
81.883279
84.641818
78.448357
80.296852
66.810421
77.267025
73.047828
63.559699
78.419856
67.292535
56.428925
70.929953
86.666944
89.429671
91.636664
86.536691
82.67685
69.450882
86.653518
86.106167
73.017194
75.895173
86.919989
82.791141
81.204619
83.3499
78.604359
73.590254
68.371431
79.961104
71.940682
80.022612
77.481474
78.29385
65.154996
81.282018
69.762375
60.993791
83.229822
66.169774
81.200138
63.139061
69.866831
65.363173
74.811607
74.133967
65.450784
63.368233
