79.91962
90.082791
94.794523
89.80117
90.752798
82.779556
82.316861
74.640193
82.847291
75.695524
92.205587
95.542883
94.251235
94.021885
94.812921
94.159562
95.345029
93.655549
88.511203
95.482046
86.20977
93.463555
94.092073
86.397947
96.154462
93.450022
92.044397
94.029473
93.958139
92.244379
92.76975
78.910292
90.079695
95.984081
95.379645
80.68812
95.818475
90.971552
93.835744
67.491398
65.972987
90.283648
90.96234
89.19319
84.95168
91.642325
92.126407
91.785927
93.302545
85.405851
70.115421
79.710337
93.659316
92.187472
93.52687
92.945719
78.701058
93.247997
68.426806
94.236326
84.33841
81.005035
59.27346
69.862278
75.105451
88.356689
96.166674
91.103635
94.40108
95.958022
74.222916
93.807649
82.272346
95.880833
90.508218
94.354565
94.73199
89.069919
92.49264
68.762319
92.207714
76.236872
83.283278
90.94859
83.91635
93.27518
90.244507
92.524618
91.243448
91.813923
79.727563
70.043573
86.037842
89.700993
93.30202
70.756049
91.236524
85.754856
72.683098
88.444822
84.501986
83.114587
