90.074672
96.07797
98.063584
93.217861
96.419072
97.750886
86.069223
73.691457
86.201151
80.924785
96.064403
92.255478
97.173692
96.68938
97.848568
98.226971
99.298062
97.101954
94.531457
86.177266
89.017997
97.186926
98.680235
99.432401
91.792507
97.819012
95.424948
97.063086
84.263717
96.51895
95.678385
93.482772
95.588526
96.169132
88.952228
84.360876
94.706341
98.715777
98.651913
83.177384
70.126246
79.274201
96.475387
83.350496
96.728539
94.101605
96.065823
95.478874
92.137358
87.513297
72.901111
80.660823
91.794
96.201272
97.458718
95.648925
97.143056
95.899869
79.855759
97.445647
98.431226
95.714893
55.786764
91.991846
95.648465
95.277207
94.154986
99.883602
99.442529
98.536686
86.876809
79.412684
91.868529
98.186511
85.030202
97.692127
98.031684
97.974645
74.571339
80.464837
95.577407
80.603702
91.649165
85.903176
97.190622
98.0234
86.39004
95.89724
95.016727
95.109738
83.673936
73.528191
96.39427
77.08108
96.886302
97.633671
83.228949
94.138184
95.232257
94.675684
92.914739
91.915962
