96.605814
95.616197
98.670458
96.900439
98.351923
97.881901
87.116742
78.181255
96.911154
83.003014
96.799099
91.401993
97.015163
98.22344
99.341836
99.289856
99.264397
97.060689
95.466999
86.887468
89.661874
97.907379
99.461576
90.744474
69.751073
98.746723
96.365233
92.696541
70.23406
93.432451
98.763404
73.647537
87.318312
99.584584
99.509254
85.292811
95.602475
97.728314
98.462058
84.238084
71.086587
81.767832
95.781745
95.560169
78.372107
75.268304
97.700588
97.18376
97.768212
89.082058
71.307396
82.125044
92.624408
95.900699
98.45764
96.654584
98.777593
97.644164
80.531031
98.558971
82.954214
80.940572
66.294482
93.286371
97.71029
97.453721
99.918635
99.991369
96.291519
99.523395
88.575154
80.252031
90.011661
81.429503
90.841715
98.346588
98.814478
97.92017
97.60636
87.9646
98.584051
90.248438
80.459745
87.178066
93.841724
99.416545
88.006222
97.427499
96.871718
96.827089
84.887081
86.369359
97.865229
78.310932
98.751584
79.170916
98.052671
95.593899
81.107049
97.825528
94.822417
93.95209
