93.806415
93.378516
94.797895
95.4732
95.618061
94.611201
97.02541
96.158381
90.968442
93.794895
94.58231
95.12761
95.117272
83.052721
79.980549
90.593301
94.389278
95.195037
96.45794
93.761268
95.729284
94.169446
82.436599
93.549895
83.976914
94.450845
94.720896
94.929899
94.818327
94.530921
94.509398
89.844232
96.091829
95.074043
95.308212
94.851848
94.267704
91.854588
94.752284
94.927067
94.172414
95.110078
95.089925
93.243095
94.850314
94.916426
94.976585
94.932743
94.902344
95.698707
95.238159
95.230655
94.677182
94.805381
94.836215
94.503922
94.747027
94.696945
94.247818
94.628727
94.752105
94.37276
93.734369
87.338989
95.096001
92.814712
95.815065
94.306756
