98.139165
98.402763
99.167476
99.208386
98.329302
98.665675
99.762461
99.224042
99.60785
98.268802
97.972639
97.825804
97.641041
99.849954
99.530395
98.096036
98.848692
98.710882
99.252761
98.809078
99.20308
98.92941
99.74116
99.749462
99.433696
97.961374
97.753196
97.773571
97.682487
97.632755
97.630217
97.958865
98.644325
97.437385
97.68803
97.595786
97.627717
98.364989
99.385347
98.778311
98.566393
98.918657
98.077079
97.666298
97.693969
97.84627
97.70664
97.66658
97.771699
98.147343
97.430486
97.429623
97.777605
97.576913
97.695721
97.663238
97.696926
97.594051
97.734772
97.774125
97.733977
97.799779
97.776007
99.846721
99.807096
99.842593
98.24941
97.570413
