36.184892
33.603583
24.071089
23.801866
29.455001
24.810849
30.199026
26.3379
24.701059
27.488788
26.934928
29.86313
32.850804
19.014607
21.198024
22.302368
23.242233
24.007647
23.346437
20.47155
20.144823
17.790186
18.42317
22.667695
21.638799
26.673366
25.597606
24.570809
25.21057
33.623937
32.214424
28.431933
26.954393
26.486463
26.54242
28.006981
28.021094
26.3472
23.146007
25.441307
25.922522
24.550545
26.578334
26.773349
27.453633
26.998175
27.536464
28.109977
30.569854
25.310919
23.212739
23.161858
28.884705
31.228208
32.128541
33.569212
28.696563
27.588372
24.481598
24.680112
27.424723
33.578091
28.480138
12.68224
17.074103
14.883379
22.114962
29.341232
