70.432846
68.09487
62.842075
65.158995
69.650708
66.444895
69.506007
67.50414
61.394543
65.156492
64.23625
68.28623
70.38648
54.861691
58.327384
63.326284
63.553896
64.533079
64.248449
61.487391
52.712045
56.77802
53.249776
62.36761
60.405571
67.83811
68.389558
68.187512
68.290292
70.532541
70.452718
70.771224
66.629649
66.147537
66.685057
69.298663
69.302758
66.634438
64.672261
66.957774
65.353405
67.311765
68.570214
67.591451
69.278382
69.032672
69.402248
69.275529
70.28891
69.483313
69.024451
69.059179
70.224269
70.820496
70.671302
70.215137
69.348104
68.871418
67.10907
67.928402
68.682103
68.977042
69.070237
46.222344
51.745174
48.582339
62.710145
64.83817
