96.41299
85.416731
83.843521
83.524348
87.900253
93.492103
89.18938
79.817551
85.139191
84.077122
94.590544
93.28927
95.099531
68.66334
89.636351
84.4438
87.923377
93.740103
86.422994
93.008431
82.813189
74.905937
86.87965
89.215071
87.199136
81.757525
74.139551
83.311886
77.8542
94.531717
76.216532
93.869363
88.79143
80.445805
83.06834
69.743305
93.014634
86.084059
90.679934
92.451332
87.405715
95.223315
85.185084
74.137989
88.610313
83.11742
86.548539
95.995517
84.31686
90.41607
77.613722
93.512665
92.115328
95.901711
95.339766
94.56231
78.905572
94.263991
95.12295
78.406377
75.479765
94.941701
94.313709
88.908551
76.686398
82.913129
93.648599
91.188278
90.892354
85.078635
76.530318
80.898287
86.108546
93.793143
93.338669
79.197841
64.154723
81.960189
80.792923
90.671535
69.165086
93.597191
85.352396
75.77985
94.411122
90.650762
95.153334
94.324042
72.719864
93.463478
