95.42676
83.813984
82.379102
82.043225
86.432276
92.4076
87.954358
78.761081
83.982421
82.944405
93.07106
91.757421
93.714489
67.706128
88.716782
83.040311
86.947413
91.735888
85.231404
91.413394
81.577507
74.061543
85.834038
87.749712
85.855695
80.795427
73.239735
82.336786
77.192903
93.365662
75.075304
92.581358
87.976015
78.959455
82.087157
68.606831
90.968588
84.519944
89.645832
91.283551
86.307218
94.041094
84.024765
73.470296
87.357786
81.94212
85.577752
94.910131
83.25475
89.216019
76.471684
91.949698
90.679754
94.747992
94.395097
93.707034
78.293807
92.728313
93.308761
77.42956
74.703248
93.793456
93.645974
87.649262
75.720404
81.606404
92.380792
90.499894
90.310472
83.464829
75.780854
79.593737
84.724923
91.95354
91.833583
78.218137
63.704282
81.313566
80.030521
89.273872
68.2958
92.093532
84.527465
75.002711
93.287396
89.302472
93.98732
92.791945
71.898855
91.214834
