62.915762
44.853673
41.900037
46.300315
51.008323
50.01099
44.646297
44.356853
48.505549
46.918665
49.173118
39.364164
48.989474
46.005597
52.692556
47.024036
52.017187
45.219194
45.387905
40.343016
45.617595
44.843405
49.937145
45.497364
47.994538
49.085367
45.287846
46.609744
45.734507
44.52048
40.198603
43.165576
43.929578
46.593787
42.777725
44.681181
49.052158
39.716766
48.3659
50.625601
46.32981
55.808204
44.891182
44.145322
43.769381
41.496408
49.591528
44.414989
45.767527
50.597437
42.434437
51.641028
44.233869
45.626002
50.506933
49.355213
46.262546
48.835629
43.942737
41.953148
42.972425
52.875542
64.396078
49.099599
42.837403
42.521476
46.598199
48.522991
50.02101
39.976148
41.032445
42.24877
44.525053
50.099834
44.34807
40.21343
46.614999
47.908323
40.23624
45.042768
45.482418
45.164796
52.460861
54.870701
54.607192
44.222959
47.786355
43.818217
48.782756
46.942698
