74.159763
57.960473
59.25892
63.287454
62.863848
63.950933
61.365545
56.803773
61.266272
55.211495
63.650113
48.185598
58.160515
59.219304
64.337476
59.685114
64.522033
55.315367
60.081727
48.085469
58.939409
55.8712
63.59014
57.231058
60.293816
59.577604
58.201128
59.846154
63.610241
61.050511
57.597794
53.834977
55.624308
56.815409
61.382846
55.074757
48.787603
49.18562
60.256852
53.650563
60.479957
69.213815
62.211927
55.232212
54.394641
54.273421
70.563013
57.855042
58.794718
63.200272
53.270005
57.891821
56.796366
56.648314
67.100824
66.05761
61.710456
65.142553
55.275971
52.739826
54.64774
58.241942
75.450891
63.041736
57.063584
62.723933
64.313615
64.645554
65.064831
47.175915
55.229833
63.188789
54.466695
63.696736
65.233798
50.536268
55.481824
68.257479
58.410011
61.698774
56.897765
58.818471
59.205033
58.117138
56.257337
61.525694
71.283477
58.645635
55.405076
62.16115
