77.111997
62.381346
63.145118
68.427751
67.636036
66.846474
65.353257
59.425623
64.475544
58.744496
67.953036
50.355187
60.818127
63.80822
67.46078
63.511158
68.937489
58.821429
62.931016
50.973666
62.084746
58.06573
66.360866
60.22947
64.62241
62.293571
61.423371
62.343164
66.2661
64.234807
61.702286
56.169701
57.92777
61.460106
65.102428
58.866112
52.499109
52.255595
62.490363
56.173538
64.591441
74.388353
65.766451
58.16218
57.571175
57.077504
75.249409
60.828148
62.265051
66.278697
55.792171
61.562099
59.926479
60.146984
70.143953
68.782829
63.683101
70.311346
58.289586
55.049934
56.889102
60.848811
77.997769
66.005928
59.915075
67.0995
67.732976
67.082741
67.197535
50.244089
58.783782
67.900638
57.130102
69.211381
69.914815
52.415396
58.121201
71.13221
61.835196
65.675267
61.590724
63.309871
62.531302
61.400926
59.501417
65.474632
75.424226
62.855189
58.501923
66.175149
