84.695469
71.042615
59.323353
70.083999
61.726743
79.76346
69.453389
77.971696
75.956326
69.858708
77.490365
79.727264
69.250406
72.393059
82.144629
71.436014
76.775308
78.748721
72.249432
58.699948
71.049378
64.774201
74.418348
67.63903
59.845559
69.887202
62.806397
78.452472
75.164993
72.607253
77.542397
80.009595
65.804879
69.271417
70.271026
66.35254
56.248242
76.152881
79.302174
62.841837
73.91299
74.765557
73.315694
63.645787
62.433243
60.617046
83.248564
60.013943
71.278332
69.146426
62.590048
69.090055
68.188903
67.861324
80.144098
79.568039
68.205244
74.948939
78.271468
61.844063
64.045185
67.691215
84.059241
74.844238
73.754089
65.111305
77.613225
76.345409
77.067822
70.342067
65.119309
68.05378
62.405602
78.175536
74.871759
67.816246
57.678737
71.086181
62.171913
77.578842
70.123046
79.089389
70.671875
68.143611
69.266905
63.923532
83.212151
79.975291
61.840311
76.955416
