90.198795
75.472147
63.430194
75.936263
80.975569
86.222526
74.528876
71.945035
75.857767
75.718556
84.157339
65.531904
74.032255
78.642334
79.386919
77.15111
81.402372
69.670473
77.449695
85.76896
76.848967
68.424895
78.976805
72.511929
79.179252
74.207746
64.950511
78.624625
79.681419
77.206755
75.586045
81.425642
77.106922
74.590062
87.299319
79.234079
66.210751
77.513095
70.09167
74.430002
77.512533
88.656582
78.475122
80.673821
79.537449
66.528469
89.345637
88.727494
75.227451
73.470524
66.680162
74.635572
82.036691
72.763542
85.645621
84.748982
71.65756
80.751669
74.899836
65.539589
66.258495
71.229944
87.409741
80.222437
68.967461
70.161954
83.709124
81.09545
82.35088
77.067807
64.682112
73.342312
79.362724
85.343206
80.70813
71.958256
60.098932
74.361751
65.468723
83.409006
65.198216
73.26503
72.205942
66.832121
63.925519
74.660888
88.754506
66.952916
65.919661
85.184898
