1036693
1381263
1329302
1238988
1419608
1304821
1188197
1424536
1330942
1437299
1363779
1542944
1253755
1353764
1390326
1454115
1432571
1306207
1168883
1422799
1114128
1215759
1456802
1379670
1340139
1375260
1422736
1453264
1252418
1244174
1282978
1554060
1190110
1335889
1481525
1300951
1278049
1427218
1262104
1277523
1338326
1422235
1233190
1398018
1457166
1376953
1372300
1296324
1419546
1529754
1369966
1366795
1453712
1320472
1406558
1079638
1299610
1185812
1406124
1463320
1227293
1443106
1334913
1248895
966168
70235
