1326701
1825511
1791616
1650545
1973800
1704634
1586282
1964503
1816639
2001718
1901948
2201549
1787388
1833380
1958758
2019660
2018012
1828737
1618999
1936938
1497316
1630967
2046427
1964750
1803527
1965881
1966109
2090457
1754691
1750849
1770936
2162197
1696270
1830613
1980881
1667848
1717470
1865909
1687188
1699277
1860462
1898555
1676834
1860254
1901985
1979578
1721598
1850639
1974994
2159094
2024577
1974894
2064255
1622761
1790408
1587523
1899457
1725014
2003338
1973760
1760267
1973270
1865450
1766678
1186251
95050
