99.58583
99.849959
99.935691
99.892812
99.850366
99.892815
99.892811
99.291109
99.376956
99.061314
99.064353
99.577363
99.836302
98.731931
99.006909
98.995587
99.287192
99.849932
99.855627
99.892811
99.894284
99.935692
99.849952
99.892825
99.935696
99.807084
99.935695
99.891401
99.849927
99.80737
99.849956
99.828679
99.489512
99.782956
99.849948
99.840469
99.807083
99.809914
99.709558
99.740148
99.892821
99.935694
99.892827
99.459189
99.849957
99.850998
99.849954
99.815308
99.935672
99.892821
99.849948
99.330692
99.849953
99.920516
99.590072
99.789495
99.801756
99.816509
99.813396
99.892818
99.978564
99.444901
99.893793
99.878942
99.729211
99.703613
99.849954
99.892824
99.817002
99.892825
99.850035
99.93569
99.478851
