22.39513
9.886832
12.624207
9.646609
14.168643
14.355216
17.780461
16.43368
15.464921
18.623973
19.965621
28.156019
24.889605
24.823264
26.309868
27.819096
23.490545
23.410669
26.471041
16.829541
5.725266
13.30625
5.283031
11.171248
9.258312
11.477145
16.844257
31.908894
6.771941
7.76983
6.958119
8.933427
8.163028
7.72904
13.804521
5.464237
7.423764
9.276824
8.729898
5.703326
5.765552
11.805381
10.421432
6.057109
9.113382
8.994198
8.64927
20.993324
11.471134
5.796626
2.971075
5.616913
5.429961
3.437424
3.944081
4.314414
5.651654
6.995866
6.134515
8.136302
10.552874
5.546231
8.831344
7.580671
4.915138
5.217764
4.859324
3.899212
5.259132
10.181389
3.55183
7.957088
19.119292
