25.182773
21.575027
26.071572
23.498162
28.660815
29.7493
33.687853
31.901614
29.585195
33.897985
36.820582
44.321261
40.725864
40.06212
40.634417
40.461322
35.82503
38.751015
42.992029
30.856936
15.759916
26.740824
17.687599
22.466893
18.866431
22.525974
27.554502
46.958009
17.698453
14.665921
18.114691
22.110826
20.175095
20.30103
19.735638
13.507628
19.539553
18.473948
19.244308
17.877066
21.508743
17.927519
21.357817
15.002106
15.117894
17.52992
19.354351
32.876029
28.130173
15.430773
12.018425
15.062683
13.382725
17.163841
14.844424
17.037709
16.733534
13.679829
17.565086
20.479712
20.319721
17.401382
18.196317
16.51336
15.113885
14.355786
13.428964
12.462105
12.862654
19.642881
13.456821
16.66264
32.531792
