33.125257
42.409723
48.319552
41.002347
51.988788
53.727458
55.781183
55.141404
49.705576
57.316569
58.88654
64.904634
40.336116
60.766019
61.64445
61.007899
61.941703
60.328351
29.257835
53.86025
35.030024
48.282646
38.488153
42.159503
38.131721
41.747331
47.347874
66.398628
30.294692
31.153793
38.809669
43.481002
42.28619
42.803483
48.641308
28.820361
41.46056
38.540809
43.144673
36.224179
44.288675
47.104938
42.191789
31.131792
37.690872
34.137546
35.947228
51.822423
50.992943
35.203536
29.563469
32.069521
28.684947
38.557176
33.112485
26.618516
36.503001
47.276534
37.866566
37.713812
30.460226
38.870333
37.193362
40.360534
34.454972
34.481752
32.167368
27.538315
38.070829
31.392128
24.838129
28.149108
52.492432
