31.033016
37.472319
41.268731
35.591875
44.535814
46.576217
49.245735
50.031299
45.088296
51.73793
54.090858
60.558047
36.552181
56.885198
56.930378
56.846474
57.018769
53.784125
27.124331
46.657722
29.615427
41.001375
31.598686
34.114871
31.87642
34.096082
39.246879
58.981291
24.981641
25.835313
32.485134
37.319346
36.312038
36.340043
41.482095
25.549613
34.728432
32.391741
36.602767
31.762389
37.890117
39.488953
35.007772
26.269037
31.233184
28.829514
30.222316
44.93333
42.602653
27.291167
23.210238
27.142417
23.960602
30.636802
27.526033
21.434443
29.769536
38.295446
29.105622
30.819119
23.847029
31.39631
30.538784
32.848586
27.675173
27.503654
24.684616
21.361569
29.960832
26.562487
19.683323
22.464353
45.16077
