44.833193
54.609633
60.454236
34.258205
64.037153
57.49412
68.066642
65.869718
67.400218
68.358129
69.995676
49.746253
53.145344
70.931289
72.137621
65.652516
72.474001
62.839272
40.730375
59.189748
46.389927
53.491986
50.245027
53.59467
38.753966
52.807859
48.495179
73.147063
37.420807
39.497532
49.825812
54.358184
55.023255
47.720723
61.724569
36.963769
54.640971
49.868085
54.439109
47.377871
56.995877
58.942714
52.480963
44.458311
48.276337
51.598919
31.797909
61.211658
41.29512
46.180027
39.685581
41.381021
37.412922
49.80098
48.187319
35.352261
47.209599
57.960606
49.086934
56.649946
30.877446
45.867179
34.81256
54.002356
46.232733
45.107295
39.728096
46.079472
49.021406
39.016359
43.73426
37.071768
50.914154
