40.468998
67.652075
72.431525
62.335052
75.012039
61.093387
76.355255
72.320309
77.33272
76.99551
77.450907
81.968648
58.862941
77.395699
78.663813
67.725445
78.923619
81.347068
81.782327
76.013765
60.788757
63.801303
42.306969
61.008043
48.236371
66.758275
71.026822
81.541345
38.086688
42.375869
62.674099
65.453476
65.399839
66.839711
72.705745
51.841656
66.517301
54.444288
66.989392
55.453562
69.341275
51.081219
65.802894
54.933805
61.423722
53.602271
54.676389
72.476351
75.359587
61.643621
50.982718
50.735214
46.691753
64.552775
60.897954
64.02786
65.049156
49.061977
63.25171
67.079678
39.772513
63.756638
63.614944
50.204955
59.619702
59.623503
56.922054
61.231727
63.717313
49.402888
57.921176
65.120892
74.014729
