1217267
1360602
1338118
1404249
1498219
1389891
1099863
1110808
1187849
1193560
1249780
1117050
1222223
1347918
1324903
1489016
1479777
1543311
1411464
1499034
1462395
1419441
1467478
1358767
1348375
1513950
1419224
1233237
1297064
1368100
1393871
1414717
1366341
1333891
1492904
1431689
1343488
1476529
1424596
1327551
1230183
1301616
1457079
1475975
1434639
1334678
1415160
1389110
1327131
1373113
1520497
1418426
1349483
1494896
1341662
1396707
1378068
1336387
1401445
1346716
1455031
1259528
1336866
1351654
1410434
1210824
1326983
1546693
1337581
1318457
1288088
1399327
1457693
1401997
1382272
1387670
1481365
1497568
1418560
1391957
1420936
1369061
1516921
1364201
1304898
1448359
1370938
1386813
1467979
1446332
1384270
1516002
1319449
1339194
1442748
1316634
1500946
1477086
1386767
1376673
1414293
1327107
1569891
1364631
1302768
1454420
1346045
1381227
1462921
1461038
1363116
1544397
1240422
1511910
1452294
1382817
1408325
1411907
1411874
1412688
1470349
1427543
1448268
1497234
1459901
1338130
1370006
1347864
1323679
1232888
1374894
1398801
1299989
1389322
1474642
1394942
1375377
1448928
1465219
1446607
1549950
1286158
1221185
1441075
1394998
1386160
1508483
1329097
1473617
1252355
1345922
1267890
1250134
1269783
1351955
1341990
1451621
1471950
1349419
1591549
1379667
1487992
1319026
1294991
1256785
1138532
1166250
986263
1127641
1141186
1216552
1358026
1080203
1109800
1085893
1207362
1153638
1116884
1106488
1155748
1318413
1387867
1275391
1247937
1337242
587992
