952360
1066784
1042132
1109350
1179715
1081314
875367
878347
955723
941504
1009520
874481
986665
1075506
1038224
1162770
1159086
1211093
1098584
1172485
1136397
1109202
1148466
1066443
1062888
1158790
1110479
966036
1019485
1068656
1093170
1097167
1062646
1042499
1150944
1112869
1044120
1142877
1113657
1028281
959560
1033717
1095852
1152194
1133321
1049451
1113585
1096320
1049123
1093945
1176266
1099084
1058559
1165370
1047919
1078800
1091192
1049522
1098275
1061117
1134426
1000052
1046313
1069813
1091160
953041
1052965
1207581
1047784
1047503
1011921
1069141
1149894
1097352
1092885
1085436
1166800
1171025
1113943
1093583
1122904
1069804
1166210
1080603
1025367
1121736
1080779
1071764
1147521
1115910
1080996
1173942
1051388
1040951
1137321
1024016
1163587
1157587
1085614
1097803
1105540
1048720
1223355
1084486
1006760
1139456
1057910
1059886
1147920
1142103
1059964
1200260
982584
1163038
1131898
1067021
1104593
1115013
1107605
1095105
1133777
1113891
1121938
1166440
1146286
1041432
1068999
1048714
1038233
971134
1060502
1085204
1016517
1077113
1144118
1073193
1073628
1122374
1163319
1138745
1212308
999588
960723
1119616
1100284
1082606
1153214
1044769
1149392
981298
1017155
990311
998753
998332
1065138
1053691
1118352
1135353
1073208
1243538
1089163
1129721
1029775
1005047
1002462
904793
930707
829987
916079
919456
957858
1076517
877235
899221
887417
956436
939330
901028
905414
954791
1035508
1058480
1007465
981935
1048956
466626
