1856783
2033523
1913010
1994075
2158150
2028391
1548399
1377382
1529887
1676264
1724321
1559050
1622015
1803257
1837505
2124979
2095717
2222966
1994908
2151834
2127721
2011767
2129028
1932401
1940955
2225768
2045914
1786783
1755743
1952562
1992980
2069808
1965015
1938400
2168973
1972364
2016504
2215240
2030826
1979882
1790972
1759298
2074974
2136843
2125390
1896123
1999591
2007991
1901000
2041131
2149877
2176351
1925863
2142118
1926883
1985682
2055145
1958928
2155785
1938805
2057658
1852031
1919443
2059278
2079963
1708594
1817637
2233799
1999790
1929089
1880954
1994663
2104877
1994860
1926618
1869116
2111549
2196210
2060757
1909141
2137177
1985223
2170225
1995204
1929926
2159343
1956037
2010348
2130124
2049685
2007631
2118544
1905163
1896917
2031085
1941629
2084566
2195580
1971788
1961023
2036268
1866653
2268024
2014494
1833586
2083548
2015747
1909501
2088475
2091180
1994237
2187278
1810357
2105129
2134815
1954635
1982870
2075554
2022644
1990755
2143345
2085304
2122870
2093726
2114558
1980599
1974032
1926453
1948963
1871780
1973683
2032065
1834380
2000141
2106988
1933043
1942890
2194899
2153037
2093528
2212841
1786706
1787389
2041597
2008744
2041305
2206685
1968886
2145291
1914692
1982593
1852365
1872284
1878221
1927316
1890521
2032436
2158393
1904533
2295971
2050474
2038707
1905666
1860094
1806003
1475210
1534520
1283453
1433978
1444373
1818946
1859885
1447921
1429117
1419276
1594826
1587347
1448828
1487501
1570261
1818631
2005661
1788794
1786076
1872640
873131
