113928
113058
114977
118335
122014
105260
99176
112526
113652
119773
125556
102668
122023
117090
118465
119354
119667
118467
118843
118821
116575
115685
120466
115408
113313
120636
116266
112600
116531
113487
113431
120319
113902
113346
119168
113789
113563
119969
116111
114005
113424
115868
113231
116968
118306
118128
116658
118066
114942
114765
119048
118492
115223
119819
114876
113935
116032
118999
111197
113885
121100
106196
112546
114487
118115
108463
118015
123999
111457
109777
116664
117558
117748
111683
112603
119468
117523
120378
119826
112550
119879
117276
119083
116512
112338
121178
113552
120880
113257
113995
115672
119688
118795
110182
122534
110782
118548
118458
111187
114908
116030
108625
125059
111366
110505
118051
115981
112646
120687
119699
119019
115891
108980
120922
117381
116139
117211
109627
118567
114001
115485
115407
122175
115449
119008
115314
112795
109839
120037
109909
117466
115773
113010
112430
120056
111377
114857
114687
126779
113923
119459
107851
108323
119556
113369
113584
118653
117392
121812
106716
114132
112602
114388
109844
111596
117293
119819
121429
109478
123319
119758
114702
119644
109351
112065
107136
111147
111784
107924
117115
115715
114688
105940
108343
112553
112247
114279
117529
113342
121300
110978
111002
112788
112325
115798
52208
