173563
175826
177153
181562
193540
170738
151681
174090
175010
181157
196205
166433
175384
188309
186430
193751
187397
185097
184407
188822
180417
178460
181916
175938
174063
189934
181592
174379
178182
177142
181679
182338
176748
173120
186592
179642
178006
190126
175811
171868
177781
187389
172932
185025
187755
180825
181602
185818
177884
182785
185625
187664
180782
189612
178262
177932
180184
188753
181513
175374
191413
170224
175928
175137
179964
166115
182954
196018
173927
173358
183454
188519
189993
169593
181272
190367
185654
191199
188234
177374
184260
188428
186851
182086
173268
189489
178756
184309
184148
180148
188585
185938
183299
173120
189977
171479
194660
183762
173886
182113
181023
168658
195516
183656
166819
186067
180791
169537
185223
185125
178281
182219
166953
190387
188638
176179
174336
175882
183734
179173
183612
179152
183915
189074
184714
183113
175219
172558
188195
168361
180504
185691
177962
177847
192115
173676
184535
180656
199261
185368
188218
172112
166169
183133
187334
175962
189682
176425
202147
155669
178868
170541
174794
166683
171517
184868
191618
183473
179372
195685
184167
187151
183894
173293
173211
164506
176063
166430
172450
187211
179731
185751
165128
162436
174327
171598
174964
178579
176100
185341
178357
179407
174830
174877
180941
79889
