445568
464742
460817
477415
527395
484660
400390
433432
444227
448936
484670
428905
482385
495970
467875
513247
515075
523147
511253
516850
488123
485464
492996
474837
465637
512589
488770
453683
464830
466123
459889
491790
470927
451511
519290
469404
473428
508989
481677
446233
447129
484037
482091
518547
501129
480601
476120
475709
472529
482006
513883
508154
476830
507354
482799
480333
487877
472405
477326
472897
509789
464049
473123
477112
481306
421041
478073
532253
447215
474050
478387
481374
517125
478740
479942
490175
502130
525078
492504
486326
498533
482926
514930
512510
456502
511073
483097
498881
501116
503369
486825
524822
459333
479999
509775
477113
524539
509399
463156
481933
501798
464187
536227
482137
465895
492587
473005
445838
511190
482163
478674
510435
443732
522868
511795
478500
481536
486439
465113
478344
514763
490309
498391
514650
500391
489262
471044
472426
474429
440702
468151
495097
454492
489912
511606
479254
471770
511532
516884
510465
542792
443872
435086
494853
468784
479990
538167
476613
486427
462755
453768
449395
450023
438557
476177
487032
525099
479525
492616
549501
513028
506188
465798
464537
464641
419899
443112
404469
423452
419557
468542
460642
430288
424009
414969
442555
449251
448705
456978
455368
483130
447009
461653
445002
472897
214853
