727530
754553
753952
823228
887532
806406
677036
702849
696346
714094
748130
692636
746978
784645
758330
875460
859526
888166
823801
870841
842882
810887
839128
771655
779495
889663
812403
749512
763031
790582
760106
839761
810541
769735
854834
818700
800052
877789
834512
761245
734350
766070
834625
846301
843362
769781
788046
800661
776825
830420
848575
858936
763857
863648
783457
820082
802600
801479
822889
783646
816353
775579
776668
817313
792263
696491
800804
916688
745908
772560
792218
811582
876866
812387
831509
830303
865069
880730
833912
818266
867105
824290
871971
851615
748543
846864
816679
847008
843155
840463
813686
886273
773689
791401
839312
808206
895895
837232
789978
817012
849878
767428
902175
802172
808820
826431
813368
774208
884776
800200
791612
853922
726089
888226
857814
791744
816875
834200
834433
818212
865780
828076
829210
876192
869266
810991
801845
796577
819183
743873
816517
848842
757148
826779
860313
807498
793362
860730
877678
865597
884574
745050
708501
829025
827012
824178
897329
794600
856246
762051
779674
741139
754814
732746
780889
817826
861956
842567
789074
921949
819768
857731
803069
771748
740464
689742
735557
587544
659961
683517
789497
754475
641749
654142
645835
711533
726583
694791
697873
723057
785049
782549
732595
707154
758756
351009
