93.597609
93.084322
90.426069
89.896625
87.325743
85.229362
93.80111
90.339316
93.28623
93.96263
92.704439
89.214965
89.032923
88.364061
87.853464
93.404388
93.379167
93.240567
92.658068
92.651733
91.084835
92.018031
93.040065
91.789678
88.827751
92.340655
90.154002
93.027453
89.77077
85.952773
81.903784
86.518797
93.30634
93.271451
84.460525
92.620905
89.005559
93.515012
94.089088
82.995258
76.322761
87.644724
93.940414
92.276076
92.095122
88.928251
93.918408
94.1532
74.55917
93.406461
93.755254
