24.714287
19.614938
21.368303
26.636053
27.249868
22.485168
25.887898
27.070515
23.195804
24.748108
21.719961
31.323784
29.545658
22.977821
20.42768
23.562715
20.523507
24.355067
26.633364
31.875684
24.778104
22.089647
21.495628
18.267009
23.878049
20.264732
19.84555
25.098341
29.109561
30.610013
26.976736
19.909309
24.799395
27.513735
29.626935
24.811001
21.348781
28.294626
25.036802
24.572925
26.192214
24.515022
19.52805
21.025823
28.250117
24.185321
20.07426
25.404246
18.799729
21.632674
21.935206
