42.66889
40.369511
40.453361
44.746398
43.769237
38.715909
42.91081
43.422385
41.60186
44.675657
42.632787
49.373226
45.494875
41.979996
38.857627
42.689383
38.918905
42.095207
44.840649
47.500042
44.264042
39.707112
40.424306
37.794036
41.912255
39.352955
38.676669
44.526181
42.865024
48.461584
44.511372
42.813692
43.018929
45.687748
44.708468
43.692916
40.625931
45.388701
41.4275
42.260761
38.826057
41.577777
36.291061
39.877927
44.698386
41.932692
38.478871
40.498621
33.677831
39.745114
40.019849
