64.425553
62.509537
62.936325
66.389281
62.728728
59.220706
62.936178
67.68568
63.310092
65.754165
64.219194
68.852156
64.536988
63.680751
60.321592
63.518132
62.148265
63.717266
64.428239
67.178851
65.379341
62.859405
62.480321
60.399491
62.194744
61.888082
60.346035
60.044623
59.090545
61.896538
56.703171
58.910254
61.88933
65.486833
67.481216
64.718479
62.765047
64.255289
66.121281
64.606579
57.645791
60.227474
57.820207
62.406526
33.920439
63.97378
62.643317
58.168802
53.057168
64.074673
63.804566
