62.273509
61.425056
61.335319
64.890994
61.385264
57.37218
61.046372
66.189723
61.921493
63.599329
62.454086
66.525695
63.224315
61.651444
57.601513
62.131037
59.861562
60.632656
63.376574
66.178443
63.097076
61.340094
61.264372
59.254603
61.145431
60.781589
58.853755
59.10816
58.060795
60.873639
55.751088
57.940717
61.354921
64.286303
65.608148
62.952687
61.583645
63.170423
64.821388
62.467686
54.197826
58.000157
55.696981
60.174229
32.373919
60.427946
60.237367
55.970791
50.669897
63.136411
63.101237
