72.814947
74.775255
74.654528
76.167006
73.195345
69.788952
77.429794
78.058214
75.318062
77.34204
75.682136
78.640578
77.094461
75.780617
71.731577
75.464277
74.573313
75.789226
75.812993
77.515555
76.292177
74.284953
74.946809
73.413192
75.55844
75.156422
72.284504
76.711285
70.844256
70.688334
66.518
69.434461
72.929203
75.450562
70.714284
75.10071
72.852394
68.501275
77.752516
75.668005
61.564845
70.413852
67.788503
75.326888
39.689017
74.331237
73.375078
68.147668
61.089397
76.030362
75.825621
