80.615659
78.365257
76.607766
81.005881
76.253697
73.491726
81.577685
81.591307
79.16396
81.217698
79.179878
83.705053
78.87983
79.753586
76.232783
79.20151
79.04976
80.339199
78.11525
80.989599
80.497472
78.538005
78.406022
76.748162
78.970545
76.38416
75.848143
79.755684
77.095405
74.605984
69.102774
72.206761
75.726845
78.620581
80.093435
79.038014
76.195432
76.330674
81.236726
79.621016
65.716697
76.307365
71.456876
77.509777
42.476315
80.214451
79.677881
75.858246
64.545863
79.454248
79.328924
