883590
992960
918429
994332
880530
973015
964243
912733
936172
1113159
1026217
1118874
999921
1126415
802053
1022078
1072278
985045
931683
952325
920572
1135591
1103834
913559
1020927
1137430
1083888
997289
1019994
959511
1037078
1043648
991126
1014059
982386
1020712
1180534
1082436
1080148
1127269
1158770
890579
1058949
1014781
912777
847582
915469
1107201
924001
971341
845595
907934
1068327
986395
961084
925292
846469
1009514
1172126
927912
947543
1052370
1108320
865918
999467
890685
970628
1062022
1082085
929277
1058347
736804
