1135777
1264823
1175671
1273310
1142845
1258838
1236186
1184023
1227783
1419917
1331248
1432003
1282490
1437478
1031340
1324220
1369930
1267969
1207186
1229969
1179893
1445345
1404803
1156662
1291838
1446219
1399194
1282634
1313088
1234058
1337491
1365579
1290467
1302432
1273026
1301128
1517805
1403990
1387503
1449348
1472728
1137884
1388704
1301613
1159983
1101520
1180171
1419111
1183726
1243951
1079697
1169916
1377285
1272865
1237405
1198552
1087598
1298674
1496511
1178348
1213571
1347010
1429001
1132918
1274210
1162812
1261237
1355739
1392760
1175493
1362467
920440
