1607439
1761772
1551452
1746590
1514727
1673614
1673211
1594159
1727935
1946670
1871971
1964296
1713750
1976664
1446322
1807305
1917725
1661250
1679686
1737734
1699564
2008299
1983218
1507457
1833713
2016346
1950792
1726416
1817958
1751732
1832518
1781309
1823726
1844649
1800274
1786035
2171121
2021763
1935184
2117982
2131658
1578740
1979232
1917401
1548520
1508547
1602278
2041450
1553025
1720643
1503595
1565810
1949613
1792105
1691872
1694569
1443833
1731647
2093323
1600879
1631531
1912826
2005404
1596487
1775944
1566736
1771933
1911280
1944099
1615609
1891124
1190661
