158171
184012
168646
185974
148843
174362
174350
156770
170268
181391
183362
179417
171493
186370
138213
177501
184244
169343
167281
169766
157875
192337
187449
169031
184939
185980
191602
171243
173852
166576
175070
180271
177342
170166
169769
171257
197069
172784
182982
178047
193684
160212
187792
170114
159782
171505
164586
185402
173468
164065
144822
153365
187000
163418
173226
156393
165780
184639
194750
167401
166242
188467
182156
163564
175997
156219
177931
181503
186270
175455
177696
144718
