287851
354439
319080
361439
290602
339418
333301
301556
323868
359794
340676
354501
332490
374013
266044
326541
354451
327339
322515
316205
299320
367886
362832
333127
357960
372759
363784
341501
337154
330015
336390
354618
339413
325580
326783
337966
385876
345156
357428
349092
375165
305490
348249
323656
304822
321766
313724
359425
320112
319495
276164
300952
354603
323810
330515
297176
306783
360121
384936
313628
318830
365308
362652
301013
338116
307554
318921
361839
364532
330158
350698
281887
