393468
471982
430351
463551
395417
455188
447882
409565
437352
501835
447968
487911
452173
492895
362343
446592
481889
446268
424916
431196
411587
515899
489743
424265
481778
507913
474974
467912
453574
430793
462799
469228
451581
439620
438221
455910
522093
469882
478071
494114
525866
411110
478697
452031
424932
411027
417168
485892
428857
434078
386368
403358
475902
440200
446039
408473
390420
483968
533040
432165
427876
496601
502896
403049
462265
410111
421433
482441
491898
436708
474903
350724
