675016
775322
698876
773010
696619
741033
746603
694775
765187
836955
788337
829229
760834
861017
617990
757343
817146
744242
731868
735135
701244
839882
814424
715968
784357
838979
823952
770929
758569
730978
777312
810743
772310
755537
747909
771445
880452
797983
820943
825510
876383
677854
803801
778117
703025
685556
710098
800002
721675
736233
641015
683562
810082
761071
754705
724969
668040
795719
883180
733418
722439
813801
835865
684582
764072
694945
724757
808012
821897
731267
801342
577528
