1203155
1234890
1190652
1172046
1336853
1228150
1394431
1324876
1205241
1296135
1231024
1371287
1223933
1498320
1308912
1154468
1284266
1210419
1354137
1228185
1299045
1367477
1135004
1129487
1130571
1224168
1117844
1247927
1240694
1260259
1305478
1208715
1349682
1128978
1124032
1221435
1242020
1250396
1131965
1186712
1217830
1197306
1204623
1187200
1233310
1268808
1216052
1219270
1263811
967397
680434
712478
1208749
1239263
1317758
1309974
1279362
1230345
1269274
1215619
1300164
1270809
1294132
1530405
1489631
1427417
1246840
277255
