1733017
1799253
1674310
1698990
1876156
1803209
2125616
2017450
1830697
1805999
1741844
1807923
1655420
2344155
1875485
1697197
1808978
1721751
1839925
1774422
1880986
1979626
1740647
1747449
1672543
1716242
1617847
1722440
1708365
1735035
1715051
1809138
1859454
1518206
1576548
1695652
1804999
1757057
1672029
1731607
1792097
1826449
1650256
1704970
1794264
1742390
1675302
1698807
1773455
1275565
840221
903011
1631150
1784820
1780627
1749787
1652228
1768365
1801647
1739684
1788810
1861719
1816339
2202129
2226021
2062208
1665781
375636
