90.683606
89.937436
91.19936
89.15246
86.764352
90.02176
88.981366
88.372112
85.318352
90.844789
91.421195
87.321557
81.56158
88.778159
81.237897
87.427505
86.961565
88.105729
76.82709
83.702318
85.297377
83.634443
76.165236
78.959584
71.052063
86.441567
87.02069
85.758804
82.791721
81.012755
96.17544
97.822719
94.375946
91.694802
91.885407
88.405119
76.319165
91.725893
82.896795
78.668105
80.308941
84.068758
82.839597
69.725118
85.855419
81.418476
87.709588
91.330127
75.373615
77.956142
90.481766
91.922249
92.93912
77.213484
89.15708
91.247425
92.26975
93.032289
93.883753
79.930677
81.718751
75.211986
86.823057
85.488111
83.05081
86.724875
85.082377
67.203455
89.097024
85.569437
91.907382
77.390116
89.305957
86.000657
86.735338
82.15989
76.549029
100.0
