93.208135
92.017159
93.192114
92.239698
89.926489
91.691652
91.384881
90.952697
86.731231
91.890575
92.922245
89.672341
83.220332
90.961842
82.848585
89.532605
88.787615
89.735342
78.328787
86.953434
88.745108
86.841686
78.488894
81.578625
72.702323
90.044231
90.494781
89.158038
85.09555
84.023025
96.877345
98.083518
94.65483
92.467147
92.788519
89.052257
77.148305
93.045347
86.641988
80.928328
82.41489
86.71106
86.020845
71.404067
88.937583
83.588
90.373704
92.51393
77.780198
80.599977
92.775082
93.071018
93.799408
79.771955
92.237495
92.831641
93.134523
93.627717
94.532993
81.373645
84.30703
76.968925
89.679092
88.864604
87.363308
90.853336
88.391732
68.627881
91.941203
88.660778
94.583596
79.753351
91.871831
88.463521
89.414104
83.900104
77.650687
100.0
