39.550906
36.157487
34.698898
37.440902
34.107794
33.242063
30.193413
37.898847
36.748747
36.095325
38.481465
33.105006
36.006346
28.530129
30.504641
35.489226
35.826842
37.238759
35.99593
35.895899
36.019252
33.369856
34.773921
34.541183
36.949441
33.539505
33.657571
36.196943
36.000784
30.902985
54.159871
59.968087
56.515767
14.919074
24.289121
35.540133
27.067097
19.267712
32.879203
33.276433
36.181246
34.263013
31.730756
33.375596
33.066474
42.138093
33.313238
14.876983
33.099737
35.326782
27.707216
14.338415
15.974703
35.841658
36.201504
13.323183
15.086702
15.877284
18.905055
32.784769
34.780403
33.250199
31.183373
38.549003
37.659366
42.410592
32.165827
35.56461
35.050085
32.025233
42.756448
31.982293
33.853097
34.066922
34.300809
32.177662
45.445934
100.0
