52.588757
47.32839
47.772943
46.542299
44.372922
46.010225
43.134271
47.265368
46.362925
48.112142
49.15628
43.526422
43.906477
35.958489
40.226719
42.153842
45.304823
47.210049
45.465834
44.19125
42.089651
44.33964
40.383555
41.630618
46.831618
42.275149
40.534687
39.754973
43.290588
39.273465
65.317894
59.968087
67.036468
28.687074
36.891215
46.8482
37.718973
33.924244
36.993698
42.648704
44.979307
43.37299
39.898904
41.735222
40.826097
50.010212
43.040434
29.008494
42.588613
44.366551
38.794717
28.304444
30.857877
44.27667
44.101102
25.945521
29.092776
31.254947
34.475892
39.627767
43.838395
42.374625
42.845617
43.424434
45.525524
50.371831
41.164319
44.240875
43.785243
41.945467
51.186216
42.330929
42.168187
43.391042
43.099426
41.350846
50.08694
100.0
