68.359454
64.778587
52.862827
62.069743
58.306762
62.278067
60.804029
63.641943
61.523182
63.290783
60.80214
54.588491
60.310889
54.518442
56.812323
59.446236
58.59487
62.618386
61.61945
58.360159
55.656297
59.554469
60.650562
52.815452
62.92869
54.047305
57.536467
60.092043
61.537651
49.63119
80.132992
83.776739
80.007841
54.783027
58.96091
65.930808
55.668374
57.294572
56.261204
56.254505
55.598617
57.237134
56.199293
56.005943
59.341714
64.390962
59.779586
53.963382
55.521316
55.652247
58.697389
52.57748
57.442867
58.056603
60.672926
50.365603
54.50943
56.109846
60.290655
53.228322
58.709936
50.055705
59.274885
61.170401
54.041653
64.299675
52.732317
58.035171
52.915547
58.092637
66.837195
49.797644
54.083508
58.778762
51.401041
59.306944
61.677096
100.0
