62.943002
60.745848
50.90436
57.575298
53.311105
58.601325
56.863543
58.373698
58.513762
61.332254
58.663732
51.286844
56.775011
50.795934
52.653368
55.589082
55.385605
59.658554
57.426817
53.09363
50.878777
53.452985
55.319927
49.535162
57.592405
50.030806
52.686691
55.081124
55.733356
45.961921
78.399896
83.022598
79.089151
52.6582
56.531075
63.372209
52.962593
54.167496
51.201164
51.866511
52.829964
53.415244
51.353285
52.143494
54.027745
59.633197
55.215213
51.109701
50.905012
51.261666
53.537703
49.351006
54.884014
53.193244
55.269043
46.826065
51.959511
54.521757
57.876168
51.545176
54.489978
47.537941
54.613475
56.0844
50.485403
58.670656
48.818475
53.096438
49.640947
53.484099
62.129454
47.063667
51.254401
54.467027
49.099721
56.016208
59.174321
100.0
