71.99495
73.710829
59.182393
70.60746
59.985987
72.450127
71.065715
57.834324
69.624268
72.152913
67.75537
62.205705
68.339476
60.835511
65.688361
69.68371
69.875782
71.526731
70.746506
66.350887
67.600767
59.744708
69.378528
65.124857
70.988936
59.113811
66.245008
69.023409
70.625321
62.922376
86.828099
90.053367
86.534017
70.9211
73.350808
73.126744
66.968691
71.797353
63.553464
62.186814
60.260435
62.329614
58.879271
56.989208
67.776219
73.280668
68.638561
69.506936
62.884744
62.86218
68.104611
69.787438
73.263208
66.207864
70.276883
65.794757
69.994451
72.978318
75.156058
60.776189
66.372763
63.747227
67.992039
69.020882
65.190082
69.979654
59.927799
58.871724
71.017989
67.865819
75.135914
58.412102
68.131128
67.669965
69.864172
65.674722
68.784944
100.0
