80.343649
79.734081
73.492856
80.125078
78.699925
78.379928
78.139919
62.824809
74.868954
78.615086
80.499587
75.085803
78.194987
73.07638
72.13483
77.030924
76.354544
77.866978
74.994212
75.848885
67.579266
67.114941
78.454007
77.79472
64.45135
76.504463
77.459286
62.23068
80.116751
60.894675
90.527509
92.068598
88.799451
77.104029
78.940192
78.052812
73.064096
78.889881
65.724323
73.504851
65.486744
66.512236
72.79207
68.08874
76.4672
81.915115
77.297917
77.049986
73.407023
70.610405
76.354072
76.517101
79.62015
75.64407
80.228832
74.418992
76.794025
78.726549
80.75582
64.651736
70.442697
74.245254
76.549284
78.641871
76.430791
75.037018
61.266897
68.319435
78.907048
73.030497
84.43808
60.64802
76.184923
76.036864
77.155898
72.409137
78.1353
100.0
