94.352958
94.29617
92.787102
93.586767
83.536081
92.332362
88.931161
68.325746
92.04787
76.188699
81.205282
92.555767
82.339723
91.788978
93.333821
86.559179
92.817178
80.175264
73.243162
92.33875
85.681219
93.874341
88.269802
92.042669
91.008888
93.470028
92.777921
91.211668
60.102602
92.871056
57.448452
94.399975
89.473135
80.916328
92.514832
94.040312
85.32518
95.093881
93.901403
92.87757
73.960245
83.283732
91.680557
91.678411
65.129996
93.835697
82.518287
83.4707
85.162587
94.17306
90.929862
97.428043
