97.767722
97.904688
97.963472
98.266636
98.161213
97.994431
97.963193
98.084425
98.05989
98.34214
98.367631
98.237351
98.256021
98.165492
97.95501
98.568578
98.580481
98.482036
98.389241
98.61831
98.402252
97.781138
98.299999
97.89658
98.380515
98.530995
98.379982
98.265641
98.367132
98.045402
98.554828
98.528803
98.238544
97.953668
97.904754
97.762163
97.839555
98.575752
98.137226
98.158595
97.920927
98.474108
98.449884
98.440678
98.446752
97.760796
98.117006
98.412951
98.027851
98.125845
97.428041
97.428043
