53.504299
59.751054
58.883112
58.957136
52.456999
55.262907
52.505522
38.96229
54.999355
52.250966
39.430681
47.159558
52.087599
53.193885
62.823035
50.543736
55.380474
58.456969
53.085467
31.824394
38.392798
48.714734
39.674265
47.130592
51.164467
49.691155
54.920657
38.163295
29.846067
49.466368
29.243278
45.666132
45.724034
60.75675
46.53405
62.49578
67.910295
71.976087
68.546401
50.844458
47.037932
61.072321
59.175276
52.502193
69.753174
64.753677
53.355554
50.246014
55.779563
71.551072
30.626853
97.428038
