62.73702
67.706568
60.854921
69.041859
58.538205
63.858818
63.051727
47.360404
65.507269
61.112022
53.03023
54.829314
64.219378
64.414123
71.227941
63.200763
66.407895
73.815088
66.302903
42.989424
56.906207
62.036852
50.388931
60.528492
65.908694
63.399129
66.182036
51.145377
57.798179
62.050523
42.254831
54.942842
56.923909
69.2156
59.308838
72.340082
73.381258
79.431162
73.599978
58.830999
57.684444
73.339026
61.247015
63.515293
60.175425
72.960867
60.953439
56.736878
63.338356
78.555306
39.553077
97.428043
