82.826608
85.311632
83.058424
84.923731
75.255602
82.676903
72.756882
56.81408
82.484221
71.007058
73.977616
83.266564
82.272637
83.093548
86.132543
82.333456
84.58873
78.360226
80.797583
61.677262
82.271313
84.273592
74.649309
79.754715
83.041021
84.034023
84.924449
78.51013
57.347817
83.805074
50.544911
78.003088
72.656389
85.362191
81.485326
87.769287
82.117234
78.06882
86.796237
72.714544
65.560663
78.951411
77.196605
83.440827
80.88322
87.924552
75.641304
69.219093
76.12809
89.196269
67.746732
97.428043
