85.664672
87.484452
85.572943
88.347555
78.222383
81.398054
66.614828
84.073447
86.033569
72.748
76.994406
86.758824
76.481424
84.931059
87.154592
85.809351
83.270579
89.976158
87.624065
81.673629
86.573745
87.028955
82.486698
82.45792
85.652669
86.963173
87.96873
82.266885
79.146267
86.299725
52.023629
88.376159
66.380974
87.166522
84.392533
89.639368
87.046794
83.707988
88.368177
75.134996
67.654176
80.29172
86.819967
86.471402
89.251788
89.557364
76.706584
70.618779
77.511274
91.356936
71.37767
97.428043
