92.431091
87.03052
89.318547
92.268227
93.827596
95.188875
94.87616
94.800631
96.040288
98.359814
96.684285
93.263027
94.447609
96.169649
93.079991
82.484859
90.012189
93.55134
94.719163
76.161239
84.202271
93.734301
95.853544
94.872627
88.812758
93.333368
94.162089
96.53505
87.810651
94.338682
95.945647
96.987715
88.279239
90.797019
90.4076
91.264234
85.801806
88.864676
88.4964
87.851981
86.575338
78.420841
77.830424
88.663768
95.435498
93.958067
82.228183
98.861486
97.932641
86.514023
91.771179
79.559225
89.63614
85.668016
73.543183
92.525671
93.610434
82.503302
82.894618
91.691933
89.583164
