90.850983
86.510969
88.219874
91.044677
92.296096
93.782992
93.744627
93.683705
94.901481
97.969304
96.117572
92.863976
93.721452
95.145774
91.649648
81.402379
88.751583
92.255224
93.484198
75.375904
82.893203
92.819504
94.690679
93.553652
87.738688
92.161572
93.115441
95.599372
87.069993
93.361678
95.098525
96.390986
87.405953
89.822414
89.171432
90.420192
85.163944
87.683689
87.590429
86.993527
85.683217
77.535879
77.131831
87.971066
94.505982
92.568314
80.999988
98.1498
96.400328
85.359775
90.827926
79.098876
88.621377
83.185618
72.007611
91.092502
93.095923
82.267816
82.04129
89.337405
87.209976
