64.051547
41.146112
37.209834
37.948427
37.078457
39.536066
39.788638
40.049826
41.660109
45.304721
68.062279
70.774395
50.943843
41.961185
38.528127
40.852538
43.011468
47.56316
41.357246
37.780519
34.40731
39.147973
38.425212
38.98271
41.738151
40.757889
37.18355
47.60506
45.322748
43.225876
42.838235
45.227635
30.837639
23.522228
31.199176
34.615368
33.890842
40.612481
51.381397
38.177999
31.895807
33.219198
33.597467
41.406476
42.820865
40.911715
41.647666
42.708365
41.202547
47.698066
55.895452
61.619092
58.173634
47.149816
44.484531
56.449293
49.794787
56.83846
65.111909
58.31964
55.229641
