70.32882
50.148169
47.4522
48.964249
47.08992
50.444882
51.359429
50.974065
53.084889
58.055726
75.822987
77.862327
61.545879
53.583099
50.087004
48.969593
52.520148
55.908161
51.995742
48.608536
44.297292
49.976928
50.270129
51.399163
52.338526
51.923269
52.204795
57.685437
54.339618
54.650521
52.284921
58.024465
39.331876
30.877301
41.637657
46.066244
43.608127
53.603969
63.697078
48.812628
41.501361
41.399446
41.485776
52.983044
54.671667
52.31109
53.448108
57.230629
41.746631
61.313783
62.845228
65.61308
68.203536
52.812595
50.828919
64.629368
63.278908
67.474032
71.729651
46.174634
60.530768
