78.115951
59.929652
63.365671
65.62853
64.598957
67.962209
68.815153
68.008729
69.208618
76.595148
85.742544
87.033989
76.148686
71.984974
63.614499
63.59946
72.042251
75.765529
70.669064
64.887757
59.810628
66.47558
69.302584
69.249662
66.801113
69.448359
70.134546
72.589567
68.503843
70.755166
72.126822
74.758404
57.990242
52.379568
60.85952
63.877312
59.914794
71.028599
77.780283
65.574893
58.845842
59.085082
55.241315
71.03133
71.572666
70.221031
70.331009
71.877394
65.452125
68.791871
80.685024
79.399049
81.110535
67.67239
59.619681
70.370896
77.84061
79.785495
80.170492
61.123765
69.529493
