87.184191
87.036302
77.91188
81.222914
81.018795
84.44183
84.455648
84.097601
82.836054
93.279463
91.648963
92.37725
87.480945
87.127906
76.972223
82.681796
83.060943
89.406287
86.267529
81.841333
74.180312
81.108398
86.390277
86.991454
85.267936
85.542941
85.335077
90.454944
84.088422
82.659255
78.762416
87.849024
68.79917
62.647977
77.290207
79.466073
73.748286
86.69043
80.148311
80.19565
73.657247
66.674225
77.559882
79.297572
84.052833
84.252155
86.271155
77.283801
89.614378
79.998313
89.49075
85.751125
86.727357
78.358018
67.89766
84.11743
86.363743
77.458086
89.418217
76.978271
83.179748
