110785
113407
119080
106499
126538
115894
106264
110228
118138
114569
108896
100936
106633
120657
94713
115286
115138
117445
117076
116165
105091
117977
115526
103076
126940
108388
128949
100613
105558
120085
109443
110127
112103
122311
111486
120062
104388
109423
100326
107145
106534
120130
105525
110596
115525
102871
115116
108572
112028
117145
94860
103603
106481
110262
113118
105689
129207
111335
107266
113015
109873
105556
105136
121483
112055
121340
118366
113952
115477
106817
109544
107269
133059
104673
115333
105302
109858
115448
112898
113163
103266
118587
121691
119251
105993
124220
119832
121713
108737
109935
