164106
171657
178919
166609
187925
183148
173540
177086
180893
184500
167060
156072
171849
188233
146479
183357
181596
183040
184970
185139
162209
185348
183469
161420
201068
162708
203720
157561
158294
180901
175323
175257
175252
192525
175716
189928
169132
169668
159099
163090
172937
189301
168032
173940
180235
153353
175608
169220
174332
179213
144514
163861
161816
172355
175603
169377
197058
181413
170829
177759
169619
161408
164082
191285
170501
191781
182287
178218
178350
165662
178311
156330
207639
164890
185272
163507
177913
181295
176954
178398
164645
185021
196877
180638
167107
194319
194851
188291
171873
172361
