310138
340860
339682
324115
349675
358013
347560
343823
357514
364497
352762
296901
336274
375581
297908
364577
369812
357011
370139
377314
318357
356677
352215
321678
400734
325318
404229
311616
305358
355472
330114
336772
351544
379796
329358
381773
319427
340429
317992
297606
338013
371515
334425
336566
351945
296437
355845
324500
342276
377565
273909
325232
301868
334893
340549
352136
400880
346348
331611
326222
352276
316774
331824
376715
315460
372261
376130
341971
369322
317813
350232
304379
416102
326088
362037
323696
357138
346150
359564
353189
323393
355175
396363
349328
330878
387016
384365
363248
359830
333538
