695711
790390
781499
740928
764417
816035
829611
798125
848952
874269
797924
668873
795834
838995
730773
834842
864750
850839
866556
880762
733995
804073
829783
765892
924351
759231
943257
731392
703532
836565
724433
781450
822371
872455
756051
890019
710024
784049
705349
642626
795729
859744
809933
798698
857937
664290
823257
727259
806536
853377
669307
755719
696543
777273
807735
806873
934509
778186
786661
785009
845045
750515
801921
864539
720083
848119
859908
773092
864518
768828
821974
686343
947866
760790
852219
727186
805619
739719
837406
830295
773379
835645
904044
806781
756257
890449
903419
843253
825773
778770
