88.431623
89.184165
90.603037
88.279009
84.722623
88.727643
87.426742
87.046041
81.301633
88.289951
90.163344
85.360588
75.525342
87.389334
76.196633
84.99768
84.022853
85.329373
68.19055
80.687356
83.552144
81.031835
68.504755
72.910614
59.2326
85.01582
85.425909
83.443085
77.190766
77.288188
93.358167
94.463819
90.226974
88.932931
88.715128
83.067701
66.824474
90.179301
80.743046
72.294584
74.436589
80.908673
79.590226
57.711471
83.775493
74.060761
85.98837
89.393575
65.157899
69.710375
88.556828
90.818241
91.081434
68.898095
85.940196
90.35464
90.402935
90.246916
91.969113
72.592963
76.821209
66.391738
85.190113
81.845661
78.243945
80.551964
81.74133
50.903607
87.806432
83.271645
89.685334
69.034798
88.471505
83.500577
84.964961
76.209913
67.10849
97.428043
