83.526983
86.112931
87.565056
83.316848
79.677696
86.260622
83.69354
82.990972
79.250214
86.789886
87.965853
81.626517
73.050655
84.017492
73.795843
81.76756
81.316172
82.917456
65.934028
75.463987
78.101855
76.196478
64.945142
68.912047
56.706112
79.26194
79.831425
78.09215
72.809684
72.657541
92.394949
94.154112
89.888254
87.843756
87.497626
82.180538
65.626974
88.212101
75.092154
68.855447
71.269847
76.820151
74.694278
55.144532
78.966708
69.939146
81.767751
87.652277
61.31332
65.44135
84.296379
89.133281
89.854988
64.745928
80.333266
88.013455
89.173183
89.419975
91.063288
70.359176
72.785263
63.636376
80.704526
76.28255
71.389254
73.258564
76.487978
48.468792
83.011222
78.505726
84.565784
65.354505
84.417637
79.650644
80.957316
73.604455
65.256933
97.428043
