99.753549
99.892808
99.935683
99.892821
99.850423
99.833747
99.718755
99.89282
99.684572
99.813093
99.934363
99.807078
99.175252
99.738379
99.84994
99.892814
99.849933
99.892808
99.892819
99.935682
99.850392
99.836427
99.867313
99.891917
99.89281
99.935694
99.935692
99.808978
99.793269
99.85025
97.852065
97.520827
97.825327
99.655635
99.166734
98.660536
99.75805
99.764265
99.892811
99.849928
99.935678
99.849942
99.84994
99.849931
99.849955
99.938344
99.935686
99.804357
99.852082
99.978565
99.838351
99.849933
99.793764
99.892419
99.894164
99.848666
99.805409
98.818579
99.714217
99.874927
99.892821
99.849946
99.850322
99.892821
99.935696
99.935696
99.874769
99.853046
99.935691
99.74212
99.93748
99.892814
99.849938
99.935686
99.88631
99.891895
99.50702
97.428043
