9.681792
13.194936
10.986746
10.266774
6.435521
10.351006
5.314548
12.225029
14.302916
14.632274
16.377059
6.913347
11.588659
5.479477
5.815748
10.871483
12.314471
14.049365
11.055244
9.550766
9.087422
7.693274
8.870433
8.732437
11.131436
5.867692
5.910584
9.376279
7.967869
4.730175
38.377643
46.020645
42.860047
0.008279
8.281355
15.685997
7.918458
2.220717
7.491222
8.01897
11.768187
8.909597
5.646839
7.593188
6.206636
13.317386
10.197953
0.553403
5.804321
7.278405
6.723339
0.0
0.044958
8.360988
9.320791
0.015064
0.0
0.0
0.139603
8.30642
8.547414
7.195931
5.362112
10.135809
8.55613
10.647415
5.555506
7.323957
7.419292
5.894513
13.126344
5.374119
8.327465
8.605056
9.705335
7.505918
23.013013
97.428038
