25.222612
27.657728
27.472046
22.156107
18.92253
26.315279
20.627761
24.389325
26.880706
30.440171
30.374841
19.390575
21.711268
12.273192
17.468531
19.161467
24.624403
27.188457
23.283101
19.987435
16.335104
21.243935
15.917662
17.48164
24.129928
16.62509
13.593674
13.158297
16.403971
14.256304
52.666723
60.218215
55.408317
6.290318
16.800185
27.648293
16.503983
11.48849
12.282823
19.524059
23.034367
20.195487
15.432141
17.591437
15.31565
23.682804
19.516637
6.097132
16.777863
18.449981
14.073005
5.539226
7.934585
18.607539
15.775586
2.559513
6.932
9.478343
12.552831
15.493088
19.831719
18.134233
19.450042
16.234836
17.921671
19.962717
15.05784
18.122262
18.414064
18.099147
24.556218
17.745445
18.538147
20.310977
20.790652
18.910626
28.876773
97.428043
