39.321034
45.488571
31.274942
36.926945
30.694197
43.055736
38.648765
39.417146
42.904644
47.597443
42.694102
29.510031
38.823308
31.105717
33.471637
36.965264
37.852643
43.855661
39.529695
31.654169
27.756804
33.223616
35.260553
26.98641
38.807049
26.233568
29.720153
33.745952
33.173249
22.588969
69.463603
75.754733
70.750368
36.422687
41.371214
49.571836
35.443991
37.216679
30.206929
31.241067
32.891977
33.093571
30.077634
31.048119
32.901893
36.644153
35.260092
33.611545
26.976373
27.07866
31.505925
31.479296
38.689884
30.309661
30.464004
27.747369
35.491241
38.352419
42.442391
30.490574
33.707592
24.520735
34.823602
32.743873
23.554663
30.806249
24.598531
29.455794
25.456997
33.06351
39.433996
22.668874
29.791305
34.844597
28.323218
38.333121
41.049752
97.428043
