47.762623
51.555573
34.25797
44.065663
38.180019
48.578305
44.752005
47.416796
47.401398
50.590794
45.904453
34.534308
44.160345
36.740017
39.549007
42.839689
42.687034
48.387939
45.991129
39.409376
34.66092
42.167253
43.229287
31.783419
46.906882
32.403614
37.089722
41.377509
41.923846
27.845806
71.913485
76.787896
72.012857
39.318239
44.786601
53.419032
39.43439
41.724679
37.557563
37.604807
37.079593
38.800556
37.240774
36.751135
40.960154
44.165233
42.276492
37.633671
33.699581
33.633857
39.167894
35.963636
42.260563
37.695449
38.650776
32.650803
39.002107
40.545072
45.862633
32.952496
40.206186
28.257319
41.797688
40.501636
28.575296
39.271617
30.464944
36.88399
30.437247
40.033766
47.134431
26.611877
34.054991
41.454644
31.840444
43.329787
44.965615
97.428043
