53.678129
63.837132
42.477242
56.263071
40.124879
62.429953
58.785858
39.203016
58.328609
62.086725
55.013807
45.294673
55.181006
44.542886
51.874073
56.9819
58.118786
60.43937
58.739763
50.633398
52.167661
42.133932
55.787977
49.599505
58.363441
39.321213
49.35314
53.989367
54.797252
46.238502
80.437548
84.678229
80.25745
60.525141
63.488176
62.412074
54.524638
61.174832
47.672362
45.644633
43.047657
46.132383
40.975325
38.142018
52.942155
57.235287
54.55826
58.200338
44.191005
43.734825
51.663628
59.140173
63.475463
49.1527
51.971705
53.044076
59.27312
62.969779
65.786898
43.109669
50.882505
47.810991
53.868801
51.753137
44.674084
47.029231
40.447219
37.377086
56.495448
53.516963
59.263257
38.399107
54.261241
53.82729
57.289277
51.204022
54.410926
97.428043
