85.876917
63.716115
89.298164
88.254149
88.127827
84.826456
90.333974
87.221281
85.171327
87.549216
90.927413
78.933706
85.330527
92.20268
93.032965
89.525013
71.051458
80.04041
83.694312
75.057784
82.012748
93.295631
89.973301
91.115938
83.505238
77.653302
76.400589
88.949864
92.105986
88.276686
86.116183
87.894503
79.295557
89.850601
88.864411
85.937525
91.10698
78.998265
90.098686
76.170417
85.112076
92.572423
91.136799
91.599225
89.855049
91.020049
89.649459
86.40297
88.983806
90.569363
89.497703
91.132519
92.012032
90.201286
85.616
90.718434
74.80949
93.48927
83.731767
84.889215
90.579922
78.483465
87.641758
90.183762
85.617987
84.273505
88.915924
71.046632
84.196658
87.345536
91.726176
88.335886
90.565966
70.818187
84.670831
91.199671
87.244114
84.248788
94.358737
83.758399
74.303069
90.273828
86.392591
82.759786
93.465432
81.056911
64.299632
63.157535
69.314309
74.893075
