87.785293
64.473465
90.643686
89.843306
89.947791
86.05628
91.445109
88.64937
86.758107
88.543441
92.604529
80.143403
86.087355
93.278617
93.879841
90.897559
71.610692
80.706269
84.564771
75.788637
82.620549
94.042596
91.624933
92.46341
85.015663
78.63422
77.801079
90.773186
93.282467
90.373276
88.722548
89.762335
80.309218
91.937229
90.871212
88.041631
92.853589
81.212433
91.091802
76.724128
86.247878
93.448302
92.274027
92.882662
91.407433
92.582487
91.603613
88.801661
90.539512
92.46554
90.979488
92.618963
93.503446
91.677875
87.095491
92.188927
76.104316
94.713331
85.615463
86.222311
92.211621
79.179302
88.76994
91.399409
86.363482
85.042146
90.239302
72.457471
86.040673
88.977106
93.106295
89.674082
91.404027
72.278698
86.982338
92.595176
89.295613
86.284626
95.453229
86.167355
75.393484
92.020016
89.722517
85.283133
94.626249
83.056433
66.054872
64.824282
70.664936
78.074345
