32.635192
27.801176
36.262353
42.153888
36.607643
36.576658
41.039884
31.293665
30.369758
35.617567
37.350617
35.128532
37.602758
38.849268
38.197727
33.795532
38.923017
36.966621
31.111322
36.543189
39.348654
34.491178
37.900814
39.944012
38.843492
34.373256
33.62284
34.158349
41.07739
41.926396
35.245493
38.66712
33.624004
42.758079
40.680747
42.513158
41.753
42.755315
41.293047
34.69046
43.130937
39.426021
37.952333
39.422662
35.789511
37.637781
34.321467
35.713504
39.059902
43.85363
37.384302
40.047938
42.073883
39.816543
35.251132
34.370587
38.200717
37.551573
35.917066
32.949802
35.823208
39.327496
38.996238
39.97759
39.661224
32.575765
44.432434
33.359844
29.079193
38.885479
41.575531
38.378971
39.311417
28.401491
29.962439
30.492246
37.047871
39.319879
38.246184
31.14286
37.308615
33.784462
31.788271
33.538474
42.853212
34.432489
30.611201
32.769203
34.411714
35.978384
