55.292517
47.621618
66.8714
62.282071
50.472235
62.397211
67.477029
58.877174
56.699553
62.739642
67.228222
62.013146
62.011697
69.430576
70.056826
66.41797
66.643086
56.584074
52.355188
56.375788
61.925655
61.748197
63.493562
68.870195
59.789156
56.105258
59.728399
56.429955
69.162472
68.02617
52.563924
61.228543
65.893178
67.791444
62.527379
66.318824
67.917137
62.448677
67.82075
65.613176
65.652356
70.645967
64.100218
67.768692
64.943529
68.595349
65.149267
62.694941
57.994064
64.18001
61.816063
68.635811
69.889475
68.755001
54.43602
54.534674
55.857842
68.699346
58.125897
66.123384
53.248429
62.543498
65.448475
63.949224
69.895845
62.210505
69.050026
62.905199
51.260242
65.955465
64.551976
58.690204
69.564457
48.125181
60.469896
67.034559
57.990832
64.362773
68.188587
56.156807
60.143906
62.102913
59.090293
48.771631
64.264629
58.65989
46.88157
46.410536
52.865123
49.736804
