52.538737
45.805535
63.894849
59.992993
49.115629
59.908274
65.230267
56.698683
53.000937
60.544283
63.384391
59.787856
60.531534
67.122662
68.498971
63.694435
64.374574
55.144736
50.677223
54.571077
60.533577
60.371031
60.891771
66.608165
57.314979
53.950665
56.322503
53.959171
66.579518
64.701485
50.175874
58.158376
62.664706
63.674798
59.049786
62.320081
65.148642
59.836401
65.369857
64.030107
63.904569
67.222164
61.337454
65.291095
61.476255
65.422365
61.639752
58.055114
55.587775
60.904949
59.600382
65.095093
67.008316
65.424218
52.309296
52.129913
53.63132
64.284464
55.108255
62.751291
50.984935
60.532311
63.157717
61.564895
67.547186
60.679976
65.826422
59.455269
48.692537
62.735675
62.169394
56.985888
65.46161
46.1863
56.266395
63.186054
55.029642
60.137234
64.607699
51.554509
57.55613
58.933685
54.19435
46.536084
61.669102
54.97711
44.417393
43.784997
50.184281
48.081632
