63.185414
58.702296
75.200818
73.718979
64.009979
70.425942
75.698368
61.32588
66.75079
63.030949
75.587304
66.872126
68.852188
77.586647
76.776163
74.853107
72.547442
71.58864
58.351671
63.799331
70.971383
79.087687
65.56967
76.716706
66.421934
65.105141
67.031117
67.798337
77.606617
75.793381
59.306967
73.901351
69.130883
75.394611
73.285816
69.395818
76.238926
70.071963
63.177005
79.160349
75.638108
79.256021
72.200779
76.428941
71.524414
76.340331
73.258522
71.370233
72.657913
67.943142
74.322914
77.619607
76.509404
67.037842
68.332846
72.266226
64.832575
78.239035
65.330937
76.172998
74.959248
74.486995
73.648416
74.868526
72.417674
71.086138
76.52667
70.738458
68.679408
74.2186
74.584493
73.840066
77.017224
58.043375
66.146631
56.710782
64.340833
67.076043
79.706163
58.599946
67.337742
59.716897
67.583342
54.512093
80.107445
68.160085
54.912036
57.803477
61.112796
59.725415
