76.087516
66.340244
81.162436
79.218616
79.043872
75.404528
80.475904
65.509589
72.85428
74.369082
78.149776
76.680402
67.038374
75.86595
82.324477
80.013419
80.228876
71.284143
61.397165
66.662241
72.761664
72.297908
80.760221
81.699287
71.217153
69.578153
69.381743
69.286387
82.363436
82.015253
75.137976
79.878464
73.994852
82.894978
79.871187
79.519096
77.915722
76.218901
69.027035
61.905869
76.355699
84.332337
77.147285
81.483472
71.823321
81.476417
69.165321
78.930832
78.733127
71.378119
74.114445
69.534053
82.724503
81.827166
77.796473
68.223757
68.629531
84.913189
70.517842
69.550704
80.96381
69.765685
76.428049
71.123278
77.245636
76.232567
79.250422
78.399245
75.235204
75.387088
82.361209
78.702972
85.837166
56.873487
64.465094
82.065393
78.412699
69.328855
85.059224
61.311889
72.64656
82.324735
64.091339
58.140349
85.58991
72.940521
58.125185
57.025545
66.149931
58.382291
