96.768191
79.015814
91.501416
94.846109
93.495884
85.227283
84.925787
93.755198
73.240185
87.217318
91.121022
79.026076
77.252478
91.522318
83.67229
81.581796
88.136979
83.598595
93.403611
93.847788
89.027497
63.647119
86.972212
82.697435
74.366711
88.004993
75.865265
84.68169
84.205916
76.9229
90.45806
87.109473
95.439674
62.191595
67.831602
94.711291
92.159706
86.617184
89.335114
86.966247
83.59599
93.899082
90.080674
85.293542
73.109264
72.407422
93.340757
94.344721
81.311986
86.650784
95.396181
89.251153
71.332077
93.361381
92.896046
77.232631
80.809347
nan
71.332894
85.098053
80.233489
63.315129
83.105224
86.060069
91.482219
76.351321
85.298346
88.758185
89.136445
75.323607
91.682255
92.480442
86.202628
86.626649
87.884709
84.087561
68.816295
92.221251
84.187987
74.531546
72.640996
75.943167
87.373727
91.870567
94.172981
97.124152
