97.093255
79.17904
91.866124
95.255061
93.83536
85.434923
85.09205
94.128636
73.404945
87.556322
91.574046
79.277447
77.366493
92.072939
84.172824
81.847993
88.363528
84.02415
93.908164
94.235317
89.399375
64.197805
88.246592
83.654681
74.806401
88.568047
76.304517
85.328098
84.639706
77.57373
91.117473
87.789781
95.839776
62.398584
68.136027
95.192417
92.379778
86.845989
89.533772
87.199506
83.866973
94.285444
90.241077
85.695205
73.412967
72.820367
93.934632
94.976298
81.898846
87.404181
96.257759
90.0518
71.646136
94.084109
94.06898
77.843844
81.68915
nan
71.952601
85.962699
80.848918
63.713606
84.58392
87.449057
92.998853
77.342465
86.392053
89.617366
90.356937
76.113965
93.06542
93.588848
87.188781
87.637063
88.58678
85.131141
69.492335
93.203271
85.666642
75.242173
73.359269
76.604
87.900814
92.476205
94.737259
97.578039
