60.339511
73.206655
56.458162
48.715048
45.837439
42.177839
44.922823
41.146345
41.024112
41.100688
39.64655
58.108924
57.777013
46.709329
60.081708
67.969257
55.818149
44.439193
35.235447
49.71597
60.421303
41.156421
35.500803
44.342247
44.379953
41.542564
42.866404
38.121492
54.872182
40.312385
39.646179
52.508327
71.647303
36.165226
57.712081
34.198435
51.873627
55.314315
69.089503
43.190818
47.968352
47.818606
49.164316
54.729088
45.930598
43.319543
43.370762
63.033746
44.151321
48.584403
55.831747
44.011998
41.04102
47.844737
35.212158
44.791405
29.417665
32.5666
33.709272
40.307086
43.185541
41.149947
33.287374
35.467874
29.967639
37.148778
32.007256
38.639419
41.177219
29.856968
41.620875
49.08635
40.366105
44.700469
34.049759
44.286492
34.42105
42.378012
34.863279
33.454926
36.055873
44.493235
40.427022
43.603654
42.962056
60.922983
