69.400053
77.400431
67.713356
54.566221
53.281468
51.447289
51.509754
54.363562
48.614733
50.792499
51.699811
63.714757
66.252702
59.450412
61.46552
66.843385
61.537558
54.775996
43.857092
56.877706
58.180737
47.740832
46.182229
49.665612
59.052316
52.353475
52.355555
48.033637
59.631922
47.173586
51.163179
60.179903
80.493271
40.70693
53.158796
41.537387
60.602528
61.183108
70.855276
55.05998
57.180294
57.96318
58.938297
63.581561
55.076303
44.04755
55.06093
60.644541
53.128074
60.359177
62.731537
47.862473
54.847552
55.001483
49.971466
59.395058
38.018042
34.449188
39.10446
46.432584
50.638345
39.808838
45.780002
50.050612
47.147392
47.251265
41.34178
49.447426
48.956447
39.821663
55.599751
63.902298
51.146413
54.977129
44.669675
55.56699
39.774418
59.168189
44.484142
42.979421
47.153356
53.389496
55.468575
54.406986
53.882225
70.55953
