84.873321
80.862803
77.053352
66.881674
60.309882
63.781737
63.758836
58.81896
59.312658
61.377053
64.891484
76.374667
63.889661
72.875171
69.84156
72.587838
74.707659
68.276449
67.000774
65.12189
81.001936
59.316515
58.858306
58.611379
60.639884
64.935734
56.228479
60.161441
65.357842
57.103695
64.89635
70.210688
84.210266
49.148543
58.208149
50.820563
73.295296
73.753039
76.479931
66.949349
62.963049
70.751737
70.513019
74.240962
61.520548
52.362012
64.699526
75.217659
63.246547
66.266386
75.441636
64.737689
53.484329
76.830112
48.614527
63.139353
47.836644
43.799168
51.557858
61.46501
58.476855
48.502085
52.980434
61.332877
65.175885
60.202655
59.183195
64.935583
64.534212
51.999226
61.402921
74.893218
63.693701
65.731478
57.898371
68.665777
50.357884
71.020698
48.910077
54.911077
55.639989
63.799059
67.123224
67.925895
66.873137
81.693867
