85.578827
81.293088
77.980254
67.410287
60.839536
64.306672
64.267322
59.400524
59.847955
62.073136
65.848046
77.358715
64.412991
74.447149
71.060023
73.655957
75.645321
69.659476
68.297476
65.807073
82.170057
60.684847
61.016794
60.468529
62.033907
66.270386
57.736848
61.748727
66.203055
58.384521
66.3099
71.583689
85.052889
49.729761
58.667337
51.477122
73.672947
74.276091
76.751637
67.597797
63.579732
71.471876
70.918962
75.15945
62.352287
53.436598
65.837125
76.542037
65.024587
67.924723
78.025471
66.930609
54.200159
78.857215
50.418438
65.288196
49.468098
45.651367
53.147033
63.530636
59.907458
49.701578
55.406354
64.82083
69.344033
63.720956
62.081401
68.366075
68.090076
53.870585
65.076031
78.480944
65.920077
68.238225
59.767558
71.531504
52.12125
73.443613
51.317374
56.740337
57.582976
66.020621
68.805362
69.177282
67.913317
82.896983
