85.096934
91.573039
86.798174
77.877062
71.858899
71.879594
71.685777
65.086024
65.649395
70.237253
75.277661
75.086645
70.619005
81.836146
71.978116
77.883889
78.621063
78.735868
78.061938
71.035861
88.110545
53.551133
69.699406
65.645407
79.090785
74.371215
64.096161
71.223044
69.396232
68.805787
74.667321
81.571165
91.942626
54.318228
74.628393
65.047748
80.391913
87.552351
79.500935
66.747832
77.119879
79.710764
78.401727
74.194357
74.567889
61.543319
68.032872
76.893221
71.309585
69.346356
84.08869
78.39726
71.600137
84.383452
82.223486
70.285549
55.654849
64.601672
59.56286
72.587728
64.225345
55.056691
70.269063
71.319128
77.605117
64.294174
69.513906
69.735215
68.21019
61.99707
56.972737
75.094712
74.001203
78.773153
66.732693
79.546872
58.854984
80.488492
57.945018
63.96927
64.035698
72.608097
63.481728
78.167896
75.106869
77.067631
