1301990
1388387
1355565
1383592
1334961
1405542
1335086
1491109
1300835
1425005
1421188
1459530
1411417
1493520
1359862
1425518
1368038
1479435
1528869
1405079
1446902
1396413
1468877
1515017
1397557
1398493
1314518
1319468
1324684
1414104
1381709
1416757
1470995
1389589
1443962
1292718
1383960
1376652
1448745
1356512
1453169
1327613
1466590
1359103
1384604
1438254
1376588
1285071
1378292
1380076
1359705
1345285
1437860
1485173
1436958
1480866
1462761
1360050
1433179
1360963
1389735
1445530
1419386
1355451
1340973
1523468
1434385
1351798
1416542
1535720
1368531
1519446
1414505
1408689
1316887
1423647
1478822
1258776
1390991
1461163
1384183
1450308
1438716
1530776
1483242
1341322
1276083
1490166
1487411
1412241
1453237
1516366
1340056
1482610
1499852
1402239
1524571
1476966
1327416
1421202
1520493
1468725
1499574
1436691
1368055
1488547
1269847
1523788
1329046
1265498
1435972
1346108
1426896
1417061
1402886
1506738
1455156
1389136
1431191
1393872
1325933
1485110
1502193
1433364
1370123
1445846
1398653
1513213
1361673
1351474
1485131
1423678
1467475
1402944
1556817
1398599
1296799
1486955
1462510
1335541
1385716
1559215
1308152
1275883
1446666
1500159
1503933
1319205
1397036
1467560
1427071
1352129
1506255
1172850
97765
26312
