1017368
1089678
1058848
1088154
1044262
1075547
1050568
1165507
1002394
1086119
1103733
1118131
1086753
1150360
1051820
1093623
1052667
1135101
1198296
1070028
1137398
1074776
1156214
1169521
1099588
1090613
1026461
1045024
1056986
1096553
1069846
1114423
1153936
1060310
1091085
1019461
1109562
1093885
1138517
1070595
1141570
1052337
1139819
1072846
1082148
1146963
1074696
1012365
1117553
1123164
1076606
1075873
1114164
1167412
1124490
1137370
1125878
1079416
1109665
1041540
1066765
1108783
1110503
1072244
1050212
1201488
1136467
1051075
1100015
1189411
1068955
1174194
1113458
1093662
1014089
1097388
1151470
977199
1093052
1160454
1090373
1133046
1122411
1185119
1178936
1049488
991979
1144959
1175368
1100550
1136627
1161251
1047979
1171452
1165333
1105467
1170713
1159832
1039591
1123795
1167193
1153450
1173641
1122527
1087251
1162378
993779
1184466
1055933
990788
1134017
1050709
1131263
1121452
1084706
1192468
1133094
1091801
1112782
1092167
1048631
1166509
1169407
1134900
1076806
1134764
1093170
1173641
1046401
1064679
1160487
1121948
1153757
1093201
1207382
1096041
1023933
1176281
1153528
1037602
1089914
1212720
1036103
983249
1128795
1173626
1172031
1032431
1069007
1145921
1118346
1030915
1185462
925649
91161
24113
