1801703
2053783
1976443
1886802
1937700
2009188
1934316
2053988
1995907
1958390
2122494
1937306
2043743
2093067
1867775
2060849
1965880
1999157
2139538
2037962
1990246
1977574
2037615
2109255
2006491
1921440
1912950
1837411
1888887
2110339
1961396
1972971
1996057
2012193
2063718
1813597
1963246
2002363
2069057
1891115
2075913
1948705
2112593
1941788
1912582
2097879
2025921
1931760
1989382
2017716
2055488
2000310
2008558
2073014
2114656
2006133
2144032
1895657
2044288
2001070
1876175
2059704
2039171
1805739
1919643
2092637
2082976
1958673
1925797
2152955
1972116
2048346
1967639
2002833
1753950
1974822
1994252
1737589
1929682
2055217
2032156
2080291
1967316
2027876
2098833
1889237
1799846
2042617
2031882
2108500
2059196
2126529
1890442
2162740
2030728
2006078
2068336
2049842
1832728
1974896
2047205
2128793
2083739
2020663
1911475
2133750
1799240
2115222
1907732
1823746
2026801
1975423
2081727
1986376
2088407
2055853
2094175
2013811
2041872
1940503
1958826
2090528
2101420
2092626
1910430
2064465
1970648
2134572
2019315
1895463
2024423
2066405
2066494
1999423
2170941
1989353
1902971
2065034
2059214
1871267
2064402
2202693
1957464
1765234
2056578
2125646
2123196
1873890
1941935
2044513
2047041
1977979
2083545
1665403
129449
30433
