115007
109718
114149
111162
110857
108622
110875
115568
110911
110206
115182
118082
111959
124665
109829
119670
111954
119155
125518
111624
118098
110948
121314
115623
120349
111667
109424
115185
116783
120722
112670
117952
125444
112750
120138
111953
125329
115632
125633
110948
124578
113032
124785
114804
123052
117459
114398
115402
121272
117712
124942
105763
118855
124009
119117
117143
119405
112505
116764
111005
117185
116433
119689
112896
118123
121640
124729
111525
111926
125645
110294
128274
112932
115604
110230
121865
115527
109996
118734
117497
120138
119319
109825
126177
117517
108635
112732
122716
118582
110958
120224
114284
116465
111538
123863
115639
119532
121976
107401
120631
120204
113304
120748
111959
117131
116385
102484
117656
112337
109949
119195
118091
114986
118916
124334
118405
117510
112898
123255
112652
113087
123342
114836
127944
107324
123085
109182
126906
107507
116386
117601
119380
117667
115305
126574
113505
110142
127887
110743
113101
121891
123930
110078
108744
126562
114082
123314
103249
110809
118612
114861
108196
126332
98001
18477
5415
