180781
174356
179049
177191
175046
176503
174183
185647
175047
179179
171930
184208
177449
192388
173427
187687
170084
189242
200008
174578
185061
174628
188696
187692
186999
173761
169581
181005
183746
184421
183511
186235
195304
177075
182890
173197
195238
176778
197458
179334
195677
179667
192502
180993
191746
188270
179270
174345
187500
189477
190271
173737
183520
194935
190304
179830
186657
175007
178595
163198
182892
181787
183555
181580
182024
186790
195025
179426
172251
193841
178451
197367
181087
177558
175085
187226
181212
168393
179853
187714
187857
188265
176315
197940
185135
171280
174153
196376
190442
169454
187424
180650
176466
180137
186896
174632
182941
193095
164212
185910
190411
179184
196166
173015
179485
178547
161661
187712
174746
161626
186696
188936
177225
183342
181918
194691
180032
182814
190328
174800
174533
192248
186399
196200
178282
187433
180176
192815
173363
178991
179875
190670
184593
171540
203238
167957
171077
196579
178508
172470
188361
192925
177662
176431
198056
181345
191265
171275
169476
184924
175034
164171
192798
158390
24306
6900
