351272
343545
345515
345789
335690
341190
327495
362538
332595
328804
357483
365105
353995
369863
347908
362107
335152
380621
388797
338059
369054
354885
366756
359864
367853
354040
343002
351360
350206
366553
353702
359091
385660
357537
360764
340068
367346
353277
380403
344043
379944
347337
384194
346670
366336
368702
355970
338856
348132
375332
361255
349516
365568
388668
386043
352850
355212
341390
362168
332336
353200
357794
359555
348566
343511
368402
385864
340950
354898
379483
341019
373356
360589
348782
326354
371704
356946
330538
346056
356669
366317
346934
354240
388699
373310
333525
332303
379553
373512
356729
361908
356787
340727
364891
360601
355998
366541
361010
335120
350704
370468
357667
374783
357184
349196
358325
320144
380408
334123
327450
369849
346984
362188
361740
360996
373615
365138
356780
365706
347271
351357
388756
359676
376459
354829
365495
340379
380323
338218
353233
357391
371445
368071
341626
404328
344940
325768
392757
355234
350116
365826
393930
334049
345619
370283
370304
378425
340395
341367
363943
354729
322309
376155
316550
38312
11019
