262754
254176
259627
261980
249773
251397
242195
259850
243218
242238
250245
268311
250124
274588
252651
256693
245938
278593
284825
248825
267966
255674
275826
274259
264577
264914
250108
259097
255475
274792
258768
264913
285989
263170
270571
249357
273802
255380
278549
257432
286195
253945
278951
267052
275588
272286
262693
251697
266207
278171
261768
256855
261889
275542
295883
257706
261915
255169
264683
244170
258527
254317
267578
255522
258027
271447
287201
256127
259389
278982
251969
278954
271045
255490
246867
272877
267647
240817
253367
264288
273991
255394
264518
287808
272859
254395
247404
277765
285232
261408
264086
265441
254803
268944
272869
260822
267878
265985
250508
262007
273861
262589
277026
266310
260597
261383
228241
277640
248010
243564
276846
254500
268209
268342
262933
280335
266327
263800
269079
255101
254188
283878
273397
280062
267563
274219
248369
286258
255113
258965
263592
270663
272699
250073
299212
257348
242393
291095
261589
254574
272998
295033
242519
256812
274743
278282
286352
249947
255220
263810
262122
238202
272634
244401
36920
10270
