460341
485980
477233
473834
469047
478588
460352
489303
442828
473265
475747
509126
480291
501876
475278
488809
464140
515091
522294
481157
508824
486975
523207
508423
506591
487248
471378
471705
475896
494681
485952
493988
532978
497578
501489
441500
516561
494990
515597
476723
523027
485062
520417
474121
490099
508187
474615
447031
500987
490888
492737
486487
516377
522814
514180
506351
512655
469622
494932
437944
492612
476675
503949
476509
482040
524614
516268
480279
467251
531423
478019
501231
497863
488504
451351
493495
504399
466610
458063
508424
489078
497305
488574
525799
513001
481358
458957
522934
522263
466532
493868
502885
463036
498404
519455
496695
504662
488925
462253
481518
512786
488788
528051
506321
483651
503527
432733
506586
456729
447104
496418
471610
499005
477968
493380
516200
483617
469179
490731
495255
468271
510502
523849
509688
490230
493148
463682
531360
463854
475249
476502
497849
507726
461320
547023
477843
456882
513225
494933
476322
486069
520118
450531
476289
510452
520628
532946
452155
476742
495253
484575
454864
523441
424719
47668
13344
