778193
791832
801698
792290
789080
807897
792709
860306
779978
803376
833722
862188
830850
847812
807706
844148
796033
872184
886275
828053
867358
803338
880852
867432
838466
829707
801248
778688
774008
827849
780630
805544
902830
800486
854903
739784
814517
839017
823367
824450
877674
785788
864957
780885
794371
863304
803985
755014
814130
821818
823268
790933
849586
876284
852480
883199
859569
789276
833995
782848
789885
804344
851845
793095
787908
874934
870343
796809
817454
886315
810615
868259
820170
825355
784446
808342
883490
796406
770300
845036
793566
848440
846912
886946
853078
793401
768223
902404
850588
828990
847061
847585
782150
844524
903214
808345
855603
875862
761652
811887
880976
835487
874459
849013
820997
855333
747359
867385
787365
748875
855817
816564
816371
836639
809391
850965
881139
807223
829673
843999
782232
898777
849451
846140
815235
825177
793030
887447
781238
802071
847114
829928
846054
795965
930710
792879
749598
869458
845651
818834
823573
919524
793543
792977
839733
868670
868621
775984
815897
837856
827555
778066
893409
660467
55638
16279
