37.381784
26.629571
22.180536
38.149381
35.376439
41.68144
47.79737
43.139771
47.067022
51.5396
41.543804
47.327973
47.452788
46.06677
50.437792
51.81901
53.597668
52.167562
47.273802
49.047363
45.299399
47.836244
46.794117
45.988127
44.734591
50.916308
51.028136
53.757797
53.507961
53.278788
54.260023
50.767447
52.224314
47.894852
46.745058
48.658667
48.175296
45.171712
47.685927
49.492192
50.155488
49.141068
50.101678
52.927612
54.671489
52.896119
52.906426
54.38372
52.34549
53.153449
52.534969
50.278269
54.586396
56.310017
56.160501
57.941839
51.008539
59.906057
47.683269
51.566284
55.417181
55.477292
57.296576
59.967875
59.17032
50.755136
57.804683
53.736422
56.450602
57.649528
52.921665
59.4085
57.504078
58.524085
61.342309
60.912352
63.689472
63.609885
58.154278
57.4817
56.048722
58.726282
56.754999
56.513339
48.878713
55.011559
61.400433
59.557466
49.448187
44.545699
58.018383
43.805731
57.650638
51.433158
49.247383
51.924688
55.554433
45.734458
52.641456
49.235269
47.760247
54.15998
53.248501
49.220983
54.539865
45.255494
56.511096
55.231442
57.372283
61.810195
58.608036
58.257244
57.845875
56.100032
61.028593
58.940882
58.060183
59.976449
59.76441
60.012153
59.936785
60.658275
54.507496
55.738942
57.800084
57.388068
58.751642
54.899321
57.58427
59.947315
57.880856
56.374461
57.23923
58.902994
57.299742
53.000125
58.184486
58.77988
51.467975
60.188173
58.673745
56.670249
58.602083
60.489229
49.955598
29.761686
32.586447
48.750126
53.461984
51.679422
44.893881
45.440157
39.202857
36.819917
38.377601
38.395552
