63.58456
48.059455
47.774928
59.051116
54.751931
62.259272
58.586323
61.204667
64.507714
67.887071
54.745684
61.537852
65.007789
67.229061
67.749466
65.756185
69.40324
66.668705
64.477434
63.043152
62.33722
65.730705
57.942271
60.788456
66.573851
67.218387
69.716574
69.874994
70.079301
69.938198
70.663168
66.571735
66.424874
65.205549
67.084371
68.626968
67.621739
64.940281
67.185452
69.26062
68.615984
68.4412
69.238679
71.91197
71.337437
67.940199
72.438399
72.671795
74.19699
70.625276
70.953895
69.89756
71.820915
71.581447
65.764432
65.749841
68.637322
76.968304
57.488268
65.060328
65.863462
72.665487
71.929114
74.944242
74.093376
70.670854
70.941705
72.502182
70.904938
63.028538
68.256161
61.840356
62.958108
74.628221
75.599667
62.863405
77.855189
77.399102
71.81974
72.614789
75.689941
74.453039
71.708923
71.751755
64.343176
71.698145
76.192263
74.559519
55.11382
51.523435
73.508327
61.737328
64.637541
65.378142
62.900741
69.366697
71.547269
73.235326
68.796715
74.308017
58.715779
70.287382
70.275515
69.14308
70.689841
63.834621
73.661649
61.294785
72.909145
75.282593
72.993998
72.450558
73.627439
70.045605
70.166468
75.455397
73.717735
75.077998
73.894193
75.515989
74.708789
74.061735
67.949765
71.575099
73.772058
72.785866
72.814659
68.228906
73.849252
74.519446
73.87159
70.503537
73.586112
71.64588
73.878738
68.179473
72.802604
69.699064
73.039754
74.018576
74.760952
73.139851
71.251108
75.312451
65.303492
54.287921
56.176381
68.015653
71.824012
69.560916
64.052818
68.5838
62.951726
60.341483
61.053459
61.116937
