57.578566
78.748137
77.214305
68.324007
76.017491
80.608376
81.982223
78.127791
76.063445
83.820212
71.396228
83.260638
82.817027
84.702876
84.2827
85.551902
86.262687
84.833324
80.30016
81.151766
79.621581
80.267513
82.575578
73.165416
75.309148
80.759307
85.296898
86.510776
86.224923
86.97786
87.119428
83.02557
82.871727
79.340672
83.301744
85.712613
86.587777
83.731755
84.301873
85.423906
86.825692
85.364824
86.688621
87.775043
87.541424
84.743357
87.126951
87.352206
86.741939
82.305768
85.516384
87.06162
86.792023
85.966397
88.076716
85.357535
86.234135
89.644104
72.005891
84.541233
78.130293
77.591616
81.822494
88.369146
87.117029
82.013683
88.362791
81.886454
88.272558
80.90531
87.069472
73.121772
87.301838
88.481471
88.700491
80.332812
90.046164
89.575801
87.126988
87.88857
89.11802
89.103885
81.925321
84.298115
83.258567
81.235497
89.204715
87.71926
66.195152
57.565317
86.24108
70.832016
78.906543
81.727454
75.29156
82.204763
85.767784
86.473458
86.561496
87.662564
70.677541
83.721994
80.490102
75.318118
82.702654
77.815738
86.961326
85.590167
84.562794
89.619374
86.447933
83.765761
87.364011
83.128642
83.318723
88.560296
88.11094
85.431622
87.536022
88.887501
88.579226
83.486737
86.089991
85.418136
83.328123
88.428834
88.00713
88.268698
87.337294
88.697339
87.355136
87.977446
88.379928
87.927411
87.619783
83.297832
83.69805
88.775791
87.591136
88.800865
86.771527
77.832787
87.628201
89.180886
84.397377
78.537446
79.017423
83.096022
87.853184
85.157527
70.552112
82.030853
84.321523
84.653345
85.678764
85.648126
