90.936982
92.582836
83.682788
92.177248
88.089103
91.394109
91.915289
91.542739
91.48789
92.516772
79.494558
88.022206
86.193798
85.03781
92.752968
89.415917
93.577109
89.072486
83.155482
92.4945
88.360367
86.802957
91.349576
87.810664
83.903383
93.328538
94.154678
93.704894
94.031758
94.50578
93.185717
90.305941
90.66276
88.253361
89.80023
91.547868
92.648447
91.034631
91.189377
91.720351
90.53218
93.058146
93.841002
94.174957
92.771367
93.673331
94.114788
94.053159
95.377067
93.328786
93.303731
94.35991
93.580906
93.574285
86.678593
92.873859
91.827299
95.919512
88.655834
84.889376
85.101496
92.896211
93.513443
90.876025
93.164256
88.919504
95.308878
92.926197
95.138421
85.437221
91.551779
90.240332
91.147733
87.129709
94.96042
84.935662
84.820075
95.411934
95.263981
95.424518
95.456135
95.970502
94.742445
82.05698
91.647784
85.081136
95.417028
94.638792
76.952387
66.213409
93.589546
81.984317
90.98695
90.013387
80.546887
87.976607
93.724261
89.596749
93.200771
94.663209
73.457096
91.686515
92.462737
92.849942
89.303763
87.493161
94.133246
92.157559
90.599667
95.357814
92.473575
91.670736
93.792701
89.365065
95.565361
94.994542
90.486358
90.887989
93.414835
95.495839
92.37581
96.200578
93.428582
93.736916
89.827179
92.497568
93.418507
85.385338
94.542051
94.63393
94.527061
91.415394
94.746363
93.82195
94.2182
90.298888
93.395094
85.382506
94.102181
94.192413
95.063046
94.517385
94.433904
94.014494
92.931187
91.119261
91.311418
92.251159
89.4266
94.095066
86.909673
89.973579
94.171597
94.506092
94.838156
94.8978
