94.703159
95.797243
93.227585
94.807862
91.871546
94.880691
93.2365
95.14352
88.088302
95.254294
84.186236
90.72417
94.861342
95.034346
95.223226
93.597041
95.014632
95.75907
90.583869
91.06134
91.111391
88.227116
94.533458
86.25379
87.867799
93.710829
95.614609
96.343139
94.966976
95.469656
95.830066
92.787007
87.376059
91.094586
93.834322
93.523346
94.31114
92.150464
93.383074
92.431183
94.220461
93.482509
95.862557
95.380989
97.038689
96.474223
95.113884
95.417149
96.220172
96.851545
95.089307
93.135955
96.642293
95.376138
91.455198
97.030111
94.293086
97.646601
82.276322
96.634404
91.811203
95.273377
95.411135
95.588414
95.386743
97.471932
96.654898
93.320534
97.2967
87.895111
89.374928
91.088233
96.672726
94.631243
95.884034
92.581658
97.123926
96.892562
91.767749
95.804944
97.388395
92.169422
90.445022
87.352015
94.762734
85.531317
97.304671
96.387353
79.133192
76.33265
95.96739
84.498729
93.180772
92.65665
82.992475
90.390281
95.796369
92.286337
95.307536
96.656488
90.737621
94.484985
95.282725
95.49994
91.56489
88.515875
96.436873
82.151371
96.801737
96.951681
93.832541
91.92173
95.646908
90.962776
97.294173
95.577586
90.52182
91.011347
92.906477
97.322354
96.827514
98.06038
94.189965
90.883759
96.835232
97.472391
96.773687
87.593015
96.704367
96.219729
94.309336
94.361462
89.54677
97.113315
96.447913
92.838655
97.237471
85.223999
96.924423
95.747969
95.075631
97.138304
96.549822
95.79298
93.270893
95.116943
94.950219
95.809697
91.614447
95.784824
94.602885
95.830955
94.503188
96.946767
96.873091
96.965561
