47.392627
47.991845
44.436687
37.081405
42.457541
40.364076
64.5188
56.298454
43.52433
52.727092
21.02157
44.162021
47.150753
35.566884
35.836789
29.071743
43.584428
36.402604
38.638805
39.782526
47.437154
56.052305
38.303537
32.323452
35.800584
39.431862
36.962863
35.52467
31.265037
46.923636
63.837275
81.408153
37.445782
45.644382
46.976938
45.169818
37.09441
29.918064
22.942613
27.863436
36.978378
41.148169
29.466644
46.827427
27.292668
37.853921
30.763567
32.749924
43.185826
50.551645
95.012964
100.0
