61.341086
55.431555
53.00147
61.639326
52.716592
58.878343
72.964439
64.486202
51.355378
62.994495
27.224797
56.906083
55.694613
50.282296
46.422745
50.002448
53.104984
39.542935
39.608855
52.772929
58.143024
58.799542
56.402969
44.333269
43.474762
52.029994
52.467399
52.624673
36.128089
41.975769
72.245599
80.303184
42.255882
48.06183
57.58361
51.880188
39.172944
31.579264
32.470235
33.996116
36.136163
52.138889
38.576892
57.056678
33.412057
47.970591
41.934259
37.045828
57.182945
61.473206
96.425765
100.0
