74.777214
70.882258
63.023383
56.006313
62.42348
70.420427
80.586109
72.789856
80.003544
73.36283
32.50049
69.900226
63.554477
52.335828
59.48106
62.739395
61.686044
43.007888
62.655126
67.002808
69.399218
61.893022
68.701505
56.521949
69.354889
65.069572
72.480527
64.671086
58.726223
59.95294
79.290424
84.575657
53.306995
56.534701
57.566818
52.830159
43.191653
36.990514
43.360626
39.90534
60.761994
55.046408
59.198502
46.125617
44.426722
57.299785
50.547764
48.489
68.546926
75.609252
97.797241
100.0
