75.874441
72.364675
64.046002
56.780415
65.038823
75.142552
81.855389
74.077233
82.390987
75.919412
34.885414
74.809199
65.714007
54.756602
63.518492
68.681226
65.909392
46.708946
68.617174
71.074638
73.972818
64.825189
71.896372
59.676388
72.687467
66.724069
75.572347
69.602268
61.57642
63.74872
83.104765
86.310355
58.117264
60.288819
71.647838
54.386067
47.121037
40.26772
47.476974
43.469975
67.124572
61.046302
64.584056
50.039797
48.87447
63.309002
55.31432
53.499764
71.051168
76.832622
97.794571
100.0
