85.061978
81.083056
69.894919
59.39461
74.613939
80.814304
92.203616
78.040944
81.623476
82.086219
44.261736
82.325426
74.066378
65.444634
68.534907
75.891992
70.902637
60.491922
75.451811
79.856026
81.468091
85.929075
79.271274
61.589787
80.798544
79.629206
82.727012
77.825035
76.723103
80.365682
86.635476
91.994769
68.121411
81.498698
66.105083
78.667709
74.4981
69.709405
47.91257
70.020119
74.563442
71.071077
77.475722
73.081152
52.64082
66.303767
50.473832
60.781208
66.819628
84.825413
98.586187
100.0
