87.477628
81.789231
81.059759
80.400562
79.045619
87.053943
94.575089
79.881389
73.14055
86.69166
46.610051
89.317415
77.270557
58.482261
73.737344
85.135765
75.814884
82.776456
86.100028
69.491162
85.969075
90.810804
67.841384
64.275679
64.863627
84.011982
86.386338
79.041549
82.594789
88.758301
90.699417
94.716445
70.072641
88.069858
75.536457
90.422245
83.475133
77.503333
79.940247
73.462509
83.255249
79.686187
58.602328
87.332624
61.825274
75.502013
55.312854
69.790224
81.91192
88.388693
98.321111
100.0
