90.733061
88.784843
97.788719
98.944703
99.911433
99.97079
99.90883
92.288133
87.569246
99.378248
95.743597
100.0
100.0
97.151467
99.395068
98.554586
99.866409
88.006841
96.105492
97.037854
93.016128
93.88521
99.60982
96.227444
92.088367
97.33798
96.482788
98.706885
92.212523
94.588136
99.994462
98.306188
99.751148
99.924438
99.960799
99.925257
96.629141
95.66
94.021376
98.2466
99.058122
86.161472
99.318067
98.342386
99.411527
93.556813
99.702745
97.108545
98.852523
92.017724
88.253151
95.92433
84.042194
97.258908
96.531615
99.662823
99.326946
88.595438
99.956637
99.980033
99.500794
98.296335
99.989773
100.0
100.0
98.733239
