58.357303
72.010073
73.692161
72.198014
72.637719
63.734251
69.613047
58.900487
50.541473
52.317835
49.416946
76.251264
74.454512
57.757738
69.35713
65.643222
61.479755
69.090926
75.325959
64.31169
57.467125
55.0715
62.317116
63.23175
67.60499
82.261809
79.410789
62.00456
59.769558
65.974464
77.362755
79.577811
80.06054
80.328695
79.564156
80.241973
59.18859
54.491623
53.441346
55.509092
51.570657
52.983873
55.199438
60.916238
63.09489
63.464756
69.037475
67.061768
68.990712
79.44379
74.015665
80.167544
45.902661
59.209119
74.236626
88.355981
85.998527
68.217616
77.459765
76.373212
58.177814
72.637192
70.322507
61.925521
61.577999
84.111327
