87.73388
92.937281
93.159154
95.777026
94.989421
91.809398
93.664609
84.205214
79.33722
88.79396
81.555559
97.357002
96.582667
86.089553
93.346856
91.401166
89.136874
80.990459
93.215399
89.929566
86.196715
82.658065
93.050113
90.205914
88.8244
96.558965
96.895171
86.071423
78.670481
89.884184
95.277397
97.760062
96.543873
97.428513
96.996084
97.254412
89.77025
87.9102
89.311708
86.269879
87.20589
83.994199
87.427994
90.335925
88.820796
88.940321
92.960704
92.829445
93.907358
82.920691
88.465156
95.317942
90.276297
87.311467
92.487204
99.285312
98.588768
91.822562
96.432398
96.144072
91.32895
92.1887
94.822194
91.110453
90.908294
96.656095
