87.782852
95.778095
95.516778
97.606453
97.216777
94.034806
95.495326
94.771332
84.980692
93.737836
86.168798
97.921486
98.451028
90.006916
95.448258
92.826196
90.490521
83.075272
95.296844
93.400855
88.80235
87.351585
96.346291
92.848318
90.502026
97.893596
94.40488
93.882824
92.065886
92.081483
95.551352
99.386852
98.792904
99.138041
98.397176
98.599759
94.45922
90.956213
93.803506
86.598626
93.339561
86.78167
89.89732
92.901654
93.658519
91.302663
94.817932
94.46412
96.188528
79.434097
89.904869
94.787738
94.894648
94.809618
96.677469
99.799274
99.31471
95.230748
98.090981
98.068381
97.727894
97.402671
97.228578
93.269448
93.062119
96.022278
