1349054
1441865
1539925
1474569
1257422
1517483
1341424
1507335
1500161
1219366
1206241
1277179
1518959
1405160
1524862
1270904
1283317
1351597
1172270
1362732
1447704
1532234
1457538
1204298
1293443
1547245
1281372
1482331
1275592
1532264
1481184
1486888
1125437
1396254
1397853
1319050
1508628
1410122
1505002
1329989
1568802
1298564
1559442
1463328
1247858
1362047
1226182
1417473
1355306
1366920
1382562
1302460
1223543
1466811
1431943
1480699
1437660
1486380
1417946
1484333
1484038
1524978
1437206
1464305
1417667
1399350
1111217
1252377
1280338
1145277
1351717
1359143
1477938
1327261
1407123
1406485
1292764
1424996
1305633
1413695
1513821
1357546
1193636
1585290
1390806
1438747
1392073
1345754
1393620
1416914
1410631
1550152
1385781
1486057
1327764
1407656
1282860
1256393
1482580
1396157
1532062
1282650
1342913
1450468
1547499
1427292
1447697
1382182
1370755
1392346
1455631
1515976
1431504
1440556
1405769
1444108
1408758
1319615
1357860
1552731
1172942
1398827
1547103
1529753
1559380
1191614
1266662
1243274
1282763
1287784
1412572
1133572
1265874
1362320
1314181
1178648
1579731
1317817
1478883
1316433
1402834
1362776
1329345
1404414
1247378
1463465
1403579
1387337
1422043
1407069
1494844
1481331
1507851
1336557
1509712
1403408
1480878
1374348
1517839
1350712
1319407
1464968
1438237
1300073
1372457
1425519
1134928
1213830
1336464
1345348
1263716
1092098
517866
68878
