1968076
2105625
2260103
2086905
1899658
2214626
1906323
2115717
2133415
1686817
1787702
1821537
2203703
2085739
2093169
1775189
1903971
1950811
1632878
1907745
2076320
2259745
2126694
1780348
1913213
2305212
1838050
2131244
1802033
2280296
2062256
2280218
1530849
1971210
2066191
1865826
2223856
2045193
2221349
1907932
2339893
1916325
2273523
2063713
1800952
1903044
1850622
2020507
1933999
2079859
2031682
1787189
1645693
2009004
1988773
2023177
2028795
2024232
2062152
2153576
2162931
2198239
2094524
2153339
2036409
2065082
1534595
1813550
1846226
1607210
1878093
2093706
2071544
1843651
2025042
1936260
1982071
2059577
1908725
2027610
2135587
2089191
1734902
2330870
2096190
2014329
2100615
2027852
2002917
2082524
2025914
2255212
2028528
2142232
1989974
2043575
1900662
1721950
2115651
2062976
2311043
1864229
1934388
2076401
2317603
2042330
2213710
2011993
2034492
2070152
2174227
2146496
2130879
2017944
2091469
1985608
2039013
2103671
1973238
2308252
1568895
2073423
2216503
2235105
2219660
1755535
1857424
1753730
1830085
1853472
2124407
1643805
1871591
2031321
1968660
1562721
2369038
1901056
2167700
1902909
2043859
1921879
2087942
2040052
1923560
2172836
2053896
2130809
2052426
2045193
2133130
2168565
2214221
1895837
2271334
2045393
2147004
2000639
2265585
1943696
1880742
2184112
2038205
2031577
1996592
2095249
1613104
1704582
1864032
1652857
1756898
1451355
711557
104230
