181867
177977
197983
187490
172504
198030
162617
194047
194314
157739
156258
164789
199459
175567
190781
162094
175554
179919
169977
185948
182392
195578
179214
160637
168173
196411
152986
180729
183211
185016
179943
192186
152402
189402
184612
173898
191258
183944
184096
171013
197107
173188
199666
188875
148740
182383
156422
190604
168793
178364
178967
155830
170838
188833
181552
195746
179317
193863
185271
189146
186649
191125
178458
192856
171400
188769
155668
168090
170548
166731
192106
174784
193733
165411
192093
183837
178714
196128
173209
180798
193512
171960
157678
201816
169742
177911
174460
170209
188262
176221
178154
189398
183211
177653
174756
187631
163334
149562
183795
183488
197954
159188
173555
182888
198127
187100
192419
170721
185270
173501
188073
199774
177285
179269
178819
178039
180576
177463
174885
199421
153067
172449
196698
194486
190643
158117
172115
155512
162191
172188
186192
153125
180990
177838
172396
154002
204534
168728
185397
176976
185133
170243
183381
173043
171530
192057
182877
175965
180102
182102
195279
176225
189723
182261
185485
179477
191124
172726
185774
177337
182854
180565
185377
174173
182729
189096
140676
157945
180525
175773
162615
153011
74496
15639
