257978
266415
289263
281616
250754
291407
246384
283398
293007
225258
229114
239883
285552
265364
279551
246929
246760
260357
246659
273120
277296
289784
264544
235125
249454
286140
223383
273154
269744
268871
272264
285803
217014
271348
264069
254674
276139
273865
273316
255156
289916
252948
294996
273229
227333
258665
225248
263601
253716
259126
262570
229610
242842
277986
271468
275420
277105
292888
272369
278453
270321
291577
268500
281050
261894
277731
219048
236221
252360
232013
257022
270017
287400
244661
263297
262511
254702
273063
252427
271842
283935
258003
223681
282957
257923
270138
253950
244106
264910
266878
262458
284524
268542
261965
250019
270959
236309
229417
260843
279083
285509
242778
249899
266494
292815
270345
281973
251909
263482
255594
272930
283352
267115
257857
263334
267278
268043
260876
258714
285017
224441
259258
287197
292973
285256
235866
241885
221955
242300
232509
257683
209666
245563
242965
255941
220144
295914
253850
277351
245038
273974
243115
254845
262777
239445
284774
272823
252406
269552
260769
276557
270615
277875
257397
277375
266599
281661
261112
277741
252723
253733
266641
272964
241913
264616
271644
208600
232093
262429
228265
224558
219078
113910
23222
