474124
489965
537141
541968
425063
540458
460870
521947
528313
413323
416816
426602
513730
498424
518139
450236
456255
478085
424430
490517
511686
545910
494173
433208
463672
536184
433532
523333
464484
526017
485715
531423
408350
487143
495201
461433
529731
501391
517922
468612
548094
460528
538948
525062
424844
480268
431282
505154
476680
478839
474982
451166
465684
521062
499552
506376
539708
513982
527422
513295
511039
534966
507611
522164
489307
504788
397249
435794
449847
432467
473114
495836
516337
461066
487400
499897
471013
511908
463375
488814
511200
486392
422027
543413
481546
490116
458356
459589
486077
493392
490331
542954
485379
506442
465129
501896
447160
410419
486760
513363
532958
452630
473192
502735
557190
478652
512614
477756
493592
471924
524978
545220
493407
490031
487941
519926
491259
479204
480981
543118
418282
493090
541835
545320
528868
421488
445856
412685
435987
425727
483593
407965
457229
463994
452541
403611
548613
472511
522290
455623
497488
435066
465074
486956
437750
516626
499877
479534
479947
488348
511196
512725
519771
482124
527678
487040
514152
465153
518508
487644
477323
495759
506470
456644
466943
500271
373338
418102
486730
482378
444682
399174
194132
31120
