797497
828690
921218
867627
740786
906791
763559
887201
888564
683545
691900
705192
857892
849847
894362
724244
733029
769098
700831
811007
839618
912843
830321
716105
771709
892516
725802
869973
782950
872639
860776
867246
687133
817078
857836
777926
890388
849474
864766
771742
929862
758050
908160
850839
718890
797423
727951
868036
769732
807510
828570
757855
781638
862789
819385
867778
917681
859724
845954
866576
876523
875031
849381
865920
821838
840692
661040
723047
743098
691429
794743
817523
927313
742432
830849
808207
793997
864736
749491
825937
857658
816296
700538
906815
803841
817207
780190
789025
818097
819720
826428
935233
810316
843240
783217
844993
757551
725504
853244
865933
890105
754057
788683
836048
901771
820698
872074
791662
828969
811142
879223
891764
827338
830644
817849
846206
815273
799737
786802
905063
689876
825693
911475
907909
878723
711739
733194
693503
754168
730023
781607
666766
741753
791532
763501
678691
936378
768143
852439
747733
836491
755786
797966
842450
725524
860880
839797
798716
812583
819210
861366
865416
867004
814281
868633
814592
855028
765049
866761
794180
797315
826042
834827
770131
815671
805898
645397
681509
820170
780432
759275
582636
305062
35305
