96.983677
98.095248
98.759115
97.322522
96.2815
98.464474
98.160957
97.180526
93.0617
98.929308
98.943847
95.43027
88.155349
97.612081
87.806832
96.344635
96.538281
96.765582
81.841081
94.438276
95.795441
94.007951
82.327581
86.040219
72.430689
96.599766
97.257305
95.763217
87.941739
88.560189
99.949979
100.0
97.141287
99.060926
99.087111
94.736289
82.041489
99.414157
94.46617
86.875362
88.851566
93.104901
94.141465
73.667362
96.07442
84.950505
97.209749
99.147625
79.451127
82.855807
98.080574
99.123483
99.608761
83.282945
96.566489
99.072801
99.286741
99.552038
99.796853
84.295161
89.375181
80.774355
97.14242
93.840752
92.695816
94.332737
94.631736
65.76871
97.187599
95.235447
97.358521
83.322101
98.383383
95.621341
96.639719
89.945333
77.452247
100.0
