17.102033
23.010497
19.350769
18.514042
12.156402
18.466391
10.151909
21.560029
24.666888
25.19969
27.743477
12.62506
20.412819
10.082956
10.900131
19.389803
21.755345
24.454349
19.796527
17.37338
16.697444
14.429695
16.187533
15.988892
19.898987
11.419176
11.401903
17.054164
14.44057
9.288272
56.568603
66.19842
60.963205
0.038354
13.407407
25.638776
13.871634
4.070645
14.008518
14.862645
20.988482
16.288069
10.95644
14.204815
11.913096
23.03502
17.995478
1.014191
11.079141
13.769806
11.793789
0.0
0.105107
15.488742
16.392937
0.048332
0.0
0.0
0.391997
14.897327
15.682259
13.471691
10.386968
18.128708
15.685262
19.036255
10.241286
13.73452
13.784615
11.45902
22.876204
10.371891
15.404991
15.877556
17.51466
14.052556
30.498391
100.0
