39.945457
43.807798
43.366713
36.196493
31.652486
42.050205
34.085548
39.309849
42.612398
47.535667
47.308346
31.960283
35.105243
20.610512
28.971039
31.615481
39.788989
43.231095
37.7353
33.131621
27.735571
35.062018
26.64799
29.183986
39.031568
28.253022
23.58653
22.927446
27.511951
24.468973
72.058407
80.074908
72.959518
12.172883
26.834315
42.692586
26.859661
20.108735
21.354624
32.456746
37.643106
33.179855
26.390478
29.637629
26.185963
38.103866
32.016184
11.708223
28.428396
30.959338
22.877491
10.888935
14.874636
31.210163
26.034418
5.518953
13.240512
17.379616
22.188652
26.525591
32.765142
30.30118
32.311612
27.353108
30.091742
33.070687
25.766015
30.455427
30.734846
30.458183
39.469604
29.786614
30.973073
33.6219
34.092705
31.496949
39.042748
100.0
