57.97429
65.385331
46.166361
55.33624
47.434326
62.567323
57.498723
58.470431
62.125548
67.66368
61.28488
45.038449
57.190513
47.192787
50.420284
55.284468
56.420719
63.572766
58.533038
48.957266
43.772478
51.104122
53.427469
42.341015
57.751473
41.559275
46.329928
51.506431
50.600899
36.205911
86.832205
92.00911
86.369539
55.084834
60.068705
69.578627
53.136402
56.06131
46.765322
48.200292
50.436671
50.249157
46.957696
48.074461
50.47673
54.820095
53.603811
51.645866
42.661812
42.640973
48.267538
48.800159
57.746399
47.198015
47.317358
43.928737
53.985879
57.476722
62.189317
46.861013
51.237979
38.828786
52.804256
50.142248
37.822023
47.897165
39.003392
45.977402
40.136366
50.822562
58.390867
36.657441
46.104602
52.969398
43.828358
57.043581
55.124076
100.0
