67.320781
71.658198
49.283452
63.444077
56.416714
68.444559
64.428285
67.273165
66.840039
70.734901
64.629487
50.817597
63.16613
53.93423
57.38941
61.944357
61.881886
68.392209
65.671958
58.438103
52.309063
61.726892
62.612472
48.126247
66.750399
49.25645
55.274916
60.490108
60.995994
42.890757
88.97929
92.678268
87.240838
58.545195
63.646197
73.376542
57.784426
61.286546
55.623868
55.840104
55.355483
56.894516
55.830786
55.023723
60.047446
63.466592
61.762269
56.556873
51.01871
50.706978
57.453581
54.366689
61.881406
56.27756
57.38248
50.239273
58.19443
60.035072
65.950422
49.889851
58.763096
43.385541
61.005844
59.378741
44.27235
58.291114
46.361796
55.047166
46.231253
59.186159
67.030227
41.729351
51.183845
60.774664
47.97045
62.674573
59.408962
100.0
