71.629559
82.784027
57.745339
75.780573
57.424564
81.48863
78.30402
55.21939
77.287289
81.409598
73.052767
62.204876
74.161771
61.902148
69.928953
76.533508
77.959092
79.840815
78.066076
70.671184
72.000814
60.12251
75.255943
68.488859
77.878171
56.368844
68.608894
73.736304
74.260638
64.817004
94.627558
97.319328
93.107319
80.221266
82.402564
80.889222
73.958799
80.791865
66.59886
64.233439
61.657301
63.907651
58.810222
55.258101
72.710836
76.83732
74.612242
78.088204
62.571416
61.888691
70.807937
78.899873
82.708993
69.026528
71.757136
73.02383
79.109417
82.367432
84.627204
60.651062
69.891095
66.178063
73.632438
71.364663
64.050033
66.559532
57.711933
54.291713
76.360445
73.419864
78.517534
55.802455
73.614872
73.702019
76.999301
70.55395
69.185893
100.0
