83.013188
89.02008
78.768606
87.963168
85.981052
87.859842
86.974839
61.940162
83.31589
88.832387
90.467419
81.172573
87.014991
80.051171
78.032331
85.710993
85.871525
87.181601
82.212085
83.677641
69.252739
70.120624
86.601229
86.251277
63.72423
83.879504
84.635683
59.853853
86.334258
59.839144
97.697078
98.628982
94.909639
87.08658
88.25697
86.035252
81.361028
88.836257
68.048718
80.425802
68.861477
68.81494
80.066749
71.833666
84.061695
88.026149
85.840825
87.020728
77.822908
72.56436
81.680906
86.656884
89.596165
82.420403
85.53541
83.777036
86.921676
88.523692
90.416677
65.928661
74.17716
81.00997
84.648314
84.583675
81.03453
73.140494
58.142083
68.219094
86.181314
79.055988
90.568258
58.479239
83.591601
84.662065
85.960461
79.126194
82.554026
100.0
