100.0
98.149495
93.182181
97.959046
96.908314
99.592271
98.315104
97.261139
85.667787
99.280533
98.736975
95.599377
98.887399
98.206734
99.207505
97.718982
86.204652
88.007308
93.099318
94.732559
98.637634
99.853322
98.887567
91.289564
97.871677
99.961145
99.467932
99.78737
99.114894
94.54112
99.544617
99.228634
90.569268
98.487126
99.59634
99.487683
98.006112
98.909771
98.301309
98.04662
90.51762
98.186181
98.038339
88.486395
99.731159
91.149282
98.042779
96.003526
85.321657
94.921726
95.901049
97.466309
90.672194
94.43448
84.522474
74.94252
92.199611
97.100328
99.444865
98.130983
97.248334
99.963251
99.955216
97.082858
97.619298
93.207929
96.751245
95.403779
99.486822
100.0
