100.0
97.91506
92.906767
97.446469
96.67226
99.594299
97.770635
96.426745
85.232585
98.972315
98.68367
95.462378
98.613721
97.800756
98.821858
97.152297
85.879931
87.45481
92.660101
94.484457
98.268701
99.598001
98.090713
90.98075
97.497752
99.84369
99.449165
99.780155
98.918806
94.353525
99.284806
98.82478
90.274872
97.991448
99.375998
99.194791
97.430194
98.480631
97.847761
97.840346
90.021434
97.595971
97.450478
87.934039
99.56179
91.008865
97.33418
95.78133
83.893654
94.027812
94.408375
95.560449
90.125231
93.729766
83.77046
74.256342
91.892097
97.059085
99.437096
97.948441
97.024016
99.957864
99.823034
96.74592
97.282116
93.002967
96.453383
95.115533
99.43643
100.0
