39.298157
49.259274
33.798417
34.379795
26.857776
47.829475
29.174493
19.034765
13.163729
26.155492
32.846978
30.730616
26.806919
25.501138
29.608778
23.374168
22.600875
26.341232
30.470883
18.800338
18.239967
24.613369
16.301854
16.639061
20.925724
24.556039
28.342611
26.468637
32.278767
22.300852
18.724272
23.034239
22.906073
26.631753
26.188203
37.927531
22.633448
28.256895
25.485915
42.280165
29.799248
33.261429
34.799389
29.869849
41.795051
32.617851
17.289881
25.120351
5.288217
19.548317
18.391702
20.928118
28.037909
24.03184
21.339178
17.02058
27.13275
29.641607
33.353945
30.742547
24.579764
33.778054
34.412363
23.624636
21.144734
25.75962
16.838057
22.185932
65.62675
100.0
