61.25168
65.7738
58.049494
55.564581
57.240643
66.819795
43.678217
38.081794
33.709547
46.939806
53.36074
47.011474
50.009701
49.189443
51.978648
45.426892
44.440849
48.223452
51.688935
38.009833
42.033108
47.998419
39.247112
36.46648
42.716325
47.698393
51.285787
51.712642
55.605332
50.807232
44.932702
43.718322
43.027241
46.203701
48.295913
55.871931
50.091559
49.592763
47.559849
52.288071
51.701753
51.359969
53.273182
44.067872
61.612007
51.950305
40.230505
46.754619
23.501402
41.000213
37.179704
39.768296
48.646846
47.263482
40.844322
44.682326
49.844297
53.857322
55.738641
52.577684
44.389164
56.758406
58.186357
45.657463
47.043834
46.97926
48.850032
39.913961
78.153359
100.0
