82.526896
81.687287
76.672793
74.684943
75.216586
85.131177
61.714111
61.027636
60.26036
68.461928
65.143625
75.03089
65.676622
72.084824
74.437948
67.495517
71.715044
66.349147
73.016273
73.11285
66.624721
72.373701
64.221713
60.634314
66.390366
72.153427
77.493005
76.916968
77.853356
76.621801
71.880917
65.520824
68.508397
69.836566
64.49042
77.805144
70.191714
71.047834
72.16067
74.744376
65.555295
69.166654
73.890555
62.74338
77.700362
75.787788
61.588301
69.774967
35.194139
61.956276
57.172428
59.350181
70.424547
69.743656
64.73701
66.503058
70.010811
74.998167
75.690235
73.149214
69.439008
80.48982
81.290791
70.054793
69.185477
71.095619
67.476001
69.176463
87.784991
100.0
