92.155617
87.183463
87.954625
85.587933
87.830646
93.202174
84.704652
73.257516
80.312308
73.033881
78.547293
89.654661
85.900035
85.659728
87.501817
84.566113
85.073306
72.100687
80.828827
82.165985
83.57372
86.645659
82.704054
68.479463
82.629192
86.89731
90.069642
89.781472
89.241974
72.626141
78.849191
84.999534
83.867021
84.142799
87.706951
90.015043
84.961952
76.111673
80.612511
86.342421
77.500302
82.676453
85.746179
73.105051
90.652181
82.075107
81.416137
80.965996
72.147841
79.980071
75.593801
77.678428
84.379933
72.619291
79.565854
81.017588
81.974184
87.920555
84.502434
85.388903
86.293461
91.477999
91.610789
83.247923
83.01681
81.700502
84.911313
84.69783
93.830425
100.0
