93.196009
92.380379
91.377354
91.215707
93.030479
95.237804
89.499356
73.08725
80.697386
91.141696
82.901876
93.907709
78.923313
89.375611
91.068838
88.80105
88.765393
79.606954
70.080699
73.890191
89.26712
91.062205
88.950716
86.836889
88.235184
92.628691
93.091538
93.13366
91.622024
94.204258
79.218508
89.792609
88.847473
89.007847
93.434262
94.144186
90.029777
88.991905
91.453701
82.893964
81.515474
78.835741
85.105871
79.76628
93.284694
85.610437
86.906263
86.461212
71.62809
86.516553
84.631315
86.611107
89.616955
88.337689
74.937067
86.687645
84.866351
93.742686
91.132869
92.73348
87.697109
93.881534
93.998509
87.706762
85.281261
88.79423
88.827037
80.185402
95.40639
100.0
