81.138251
96.116317
87.145653
86.020839
92.409291
84.076944
94.859213
91.221635
95.547884
95.213638
82.82774
90.456788
95.121911
92.138694
95.292799
92.995065
90.888853
96.252885
90.510022
95.174404
90.807239
93.975669
94.522671
89.740747
87.679606
95.934642
91.594743
95.658056
94.370199
95.03109
96.640351
91.914636
86.209943
95.184645
93.572586
94.477917
94.136889
91.748415
94.118835
93.175236
93.892655
96.604546
89.846311
94.747148
94.09155
96.43891
95.016763
96.500935
95.513187
96.778815
94.214688
91.346574
90.70042
94.650079
88.880635
96.438151
96.597464
95.960525
81.406869
93.199408
84.487652
95.234625
95.744709
91.67462
93.859923
86.445122
96.362375
93.034484
90.274303
96.383473
96.186108
96.501028
96.06992
96.151537
94.830001
86.507058
96.685834
95.763407
90.271476
97.0367
93.013226
89.165318
96.747678
86.095658
88.926358
92.475317
96.86038
86.252037
95.816683
78.178513
95.259119
84.700166
83.257182
91.069632
89.507023
83.317716
95.265954
96.912276
96.286709
96.024422
91.587879
92.280755
94.538447
90.837861
87.42329
85.373047
96.093723
81.672988
96.749032
96.009352
93.476423
92.629576
95.321644
89.885217
97.222357
87.219632
93.614944
89.967115
90.076216
97.168923
88.791891
90.312829
94.880919
95.935886
88.532043
96.336907
91.531944
96.830196
95.820537
96.905571
93.579019
96.94395
93.887193
95.321736
96.309845
91.075573
97.500784
96.95189
95.831373
95.318832
95.872475
96.780875
96.169467
97.552965
95.913747
95.252905
94.941299
94.619786
96.218087
95.499514
95.521358
95.881844
96.651348
95.989223
98.11681
98.134052
