80.469218
94.961943
86.557362
85.300922
91.702019
83.48253
94.155253
90.577472
94.848033
94.530705
82.488639
89.889649
94.593048
91.657009
94.801574
92.572164
90.476339
95.726353
90.053621
94.557643
90.406186
93.570662
93.980465
89.205012
87.147831
95.484775
91.328203
95.439409
94.175533
94.775282
96.402298
91.733077
85.952996
94.600129
93.036875
94.250359
93.905017
91.569665
93.861459
92.996271
93.725462
96.384769
89.684255
94.530889
93.884348
96.089291
94.786811
96.323872
95.3461
96.585234
93.995195
91.189459
90.36694
94.17461
88.40284
95.837877
96.003879
95.623948
80.980742
92.698744
84.104788
94.579108
95.162108
91.333495
93.533664
86.159098
95.881076
92.63932
89.919593
95.893848
95.760608
96.07929
95.584378
95.763387
94.563015
86.236273
96.41572
95.496517
90.071434
96.614391
92.659972
88.829306
96.372304
85.723928
88.319899
91.939451
96.528511
85.903754
95.206352
77.773861
94.574986
84.093031
82.93317
90.591153
88.952038
82.888795
94.64033
96.281786
95.807483
95.604152
91.022692
91.598205
93.839779
90.268844
87.054129
84.829727
95.59258
81.222184
96.40069
95.793579
93.235309
92.412433
95.053156
89.666959
96.877275
87.019067
93.259309
89.782133
89.841214
96.859484
88.587452
89.953212
94.428437
95.438138
88.230303
95.843691
91.219918
96.356516
95.324304
96.494283
93.16739
96.564555
93.522483
94.96611
95.821505
90.682383
97.174652
96.593105
95.342935
95.007572
95.518939
96.327007
95.773906
97.19696
95.229898
94.395854
94.082909
93.647591
95.48853
94.854717
94.89122
95.342708
96.168902
95.714231
98.113775
98.126884
