44.370222
38.792982
35.441104
43.505052
41.906452
45.655245
49.070484
46.579067
48.651373
50.926501
46.124987
48.887773
48.938835
48.21535
50.624336
51.147095
52.18576
51.377042
48.856155
49.869643
47.846459
49.414577
48.910535
48.536662
47.914996
51.338392
51.314655
53.037646
52.890591
52.784899
53.319085
51.228534
52.227157
49.737355
48.698762
49.591967
49.338446
47.620228
49.034543
50.134865
50.494037
49.965589
50.461081
52.423196
53.471152
52.448074
52.421291
53.300894
52.10931
52.572935
52.197042
50.83083
53.799919
55.062846
54.84968
56.17451
51.82015
57.770301
49.335153
51.253534
53.851599
53.888608
54.722356
56.366808
55.894917
50.69049
55.013473
52.496951
54.00391
54.849708
51.834224
55.88013
54.788674
55.411096
57.247313
57.022341
59.641325
58.957125
55.348101
54.90516
53.963221
55.705486
54.235507
54.427774
49.967203
53.37398
57.293134
56.164865
50.401787
47.950712
55.300571
47.048867
54.987591
51.217647
49.806424
51.476955
53.628524
47.805482
51.866297
49.865106
49.782831
52.9252
52.323064
50.680626
54.565446
48.049976
54.535074
53.944457
55.229618
58.155599
55.993019
55.872432
55.512297
54.432101
57.623543
56.324308
55.63792
56.933247
56.835234
56.930729
56.808919
58.066925
53.204429
54.067873
55.436565
55.125588
55.901318
53.402802
55.164203
56.743481
55.311879
54.449537
54.878621
56.048228
55.039022
52.229543
55.501709
55.947377
51.325745
56.857969
55.87041
54.531898
55.862717
57.078205
51.040187
38.940718
40.439444
50.315659
53.107594
51.823051
47.503673
47.785694
44.159325
41.637579
41.794418
41.801163
