59.864471
51.193572
49.804302
55.786804
53.485208
58.080475
55.81833
57.571646
59.39815
61.418479
54.128766
57.761506
59.788976
61.339926
61.603911
60.211194
62.608965
60.785094
59.472978
58.660828
58.171044
60.482486
55.797775
57.477243
61.185309
61.620614
63.340027
63.499814
63.664067
63.547549
64.050115
61.20399
61.315504
60.389771
61.413762
62.458575
61.741226
59.926242
61.426985
62.894693
62.418805
62.329028
62.864861
65.09595
64.705732
62.372462
65.523319
65.695304
66.860815
64.199375
64.442245
63.692413
65.247343
65.107058
61.345132
61.472536
63.087716
69.567844
55.866509
60.455916
60.668176
65.278906
64.7889
66.951325
66.361816
63.79785
64.075805
65.191017
63.806618
58.775272
61.97206
58.625566
58.316262
66.706149
67.471399
58.558725
69.848892
69.062429
64.826391
65.372753
67.55977
66.74981
64.408422
64.776262
59.98215
64.629958
67.95481
66.685629
54.400426
53.132093
66.060093
58.455222
59.843392
60.320115
58.671392
62.951648
64.425309
65.704649
62.493119
66.460803
57.166945
63.745545
63.512204
63.265014
65.271181
59.66182
66.322416
58.302254
65.664836
67.523926
65.74582
65.499247
66.191663
63.689128
63.690328
67.612985
66.216344
67.323679
66.497769
67.628105
66.96025
67.353714
62.016996
64.59073
66.279088
65.566099
65.449912
62.202773
66.290658
66.823631
66.227371
63.889055
66.00305
64.656022
66.301198
62.037287
65.400119
63.290866
65.618704
66.418474
66.973855
65.620051
64.552237
67.43671
60.968726
52.921021
54.121626
62.657912
65.400277
63.35581
59.305964
62.254203
58.228845
55.930204
56.256261
56.298205
