59.661771
74.214523
71.54869
65.1764
70.64172
74.368157
75.186128
72.118984
69.889567
75.886269
67.243811
75.496793
75.1337
76.719338
76.203002
77.660698
78.053551
76.68707
72.86715
74.109977
72.198047
72.871478
74.885493
67.963115
69.528892
72.980131
76.641211
77.628904
77.442412
78.18209
78.224602
74.495701
75.052015
72.268076
75.241287
76.975643
77.741083
75.081135
75.652112
76.543782
77.818151
76.554401
77.78577
78.844027
78.74196
76.363788
78.390221
78.420119
77.930949
73.987363
76.913832
78.326593
78.596105
78.080495
79.82504
77.902408
78.654788
81.66307
67.431408
76.7744
71.275726
72.255705
74.209591
79.799547
78.436894
74.245295
79.745303
73.859471
79.518881
73.629803
78.390598
68.210759
78.925925
79.936165
79.780707
72.679287
81.800416
81.035143
78.577446
79.435167
80.338616
80.637551
73.523656
76.987489
76.552401
73.752124
80.436047
79.389281
63.450212
59.248934
78.998477
67.462971
71.852277
74.504078
69.36799
75.017475
77.999738
78.719682
77.99401
79.061534
68.096819
77.02649
74.215874
70.114143
76.580094
71.945107
79.073654
78.098207
76.134398
80.738312
77.779763
75.427768
78.716763
75.059527
74.891428
79.989251
79.539548
76.976992
78.902092
80.172816
79.8469
76.523425
77.800121
77.331145
74.966646
80.044831
79.488874
79.762705
78.879883
80.266999
78.811312
79.643108
79.731423
79.389147
79.365457
75.115332
75.250347
80.120307
79.365845
80.086251
78.181399
70.358326
79.187131
80.3891
77.341899
72.443779
72.782529
77.309311
80.365545
77.881739
66.239709
74.722857
76.47104
75.802004
76.381441
76.357775
