58.51001
71.110428
69.640252
63.380435
68.887879
72.025722
73.013451
70.323817
68.699106
74.442125
66.318739
74.119568
73.641661
75.346937
74.940437
76.185682
76.75433
75.486318
71.65356
72.666955
71.148587
71.957376
73.612079
66.991961
68.282817
72.113337
75.999052
77.102313
76.875981
77.523287
77.721076
74.019408
74.273554
71.284153
74.234315
76.342644
77.015736
74.497717
75.001345
76.003187
77.267781
75.962627
77.163805
78.422908
78.265997
75.635321
77.810832
78.05417
77.493732
73.479397
76.34919
77.806879
77.681791
76.88756
78.731737
76.588329
77.095334
80.713704
66.485225
75.70896
70.349168
71.060532
73.017372
78.823262
77.653625
73.244572
78.695798
73.146486
78.620988
72.599042
77.415468
67.638101
77.797877
78.973387
79.220326
72.157077
81.009349
80.263053
77.95667
78.372345
79.561865
79.654701
72.904659
75.885039
74.449332
72.769575
79.745187
78.258307
62.577845
58.40306
77.163043
66.0288
71.125968
73.022293
68.249043
73.62192
76.319201
77.023991
77.001268
78.087033
67.027043
74.965216
72.516381
68.920582
75.255441
70.318038
77.732292
76.293574
75.354059
80.26703
77.149541
74.95797
77.992992
74.363179
74.274112
79.090532
78.573814
76.271718
78.197176
79.396918
79.086098
75.433295
76.676383
76.220017
74.301665
78.912033
78.536959
78.648068
78.04968
79.28984
77.88547
78.618761
78.838624
78.521826
78.228986
74.15568
74.713563
79.171356
78.064524
79.395086
77.537668
69.725094
78.280678
79.802031
75.582525
70.288075
70.703856
74.73694
78.725972
75.98188
65.220919
73.714732
74.93887
75.120769
76.381865
76.349418
