82.733834
83.820137
76.592956
82.926747
80.028328
82.643375
82.811429
82.377551
82.226808
83.557559
73.519951
79.656859
77.459567
76.756759
83.778359
80.84123
84.862984
80.346208
74.898326
83.539347
79.3895
78.482278
82.296043
79.202194
75.904281
84.359162
85.402615
84.854953
85.263023
85.7393
84.322056
81.238905
82.179169
79.503528
80.837405
82.623951
83.662983
81.900984
82.089527
82.649092
81.486966
84.081581
84.971468
85.540447
84.08634
85.01148
85.476526
85.517667
86.999258
84.694551
84.641377
85.841054
84.995077
85.005571
79.028453
84.399367
83.471516
88.17913
80.873362
77.386501
76.985511
84.593368
84.892174
82.228608
84.500109
80.370946
86.696691
84.353142
86.512887
77.466925
82.60796
82.0273
82.606643
78.711873
86.566451
77.037652
76.437652
87.302966
86.948179
87.035426
87.045377
87.75394
86.132487
75.479035
83.179041
76.706805
87.137214
86.107996
71.548409
65.89262
85.394632
75.857882
82.673154
81.172644
73.877753
79.756447
84.907055
81.356966
84.326757
86.023638
70.064773
83.525096
83.53839
84.211889
82.314851
79.569865
85.679775
83.273089
81.724787
87.046392
83.733553
83.25751
85.16288
80.812297
87.135483
86.49865
81.58012
82.290109
84.818645
87.054733
83.589604
88.199793
84.655228
84.999952
80.918137
83.973104
84.757448
77.070042
86.127526
86.276058
85.928021
83.042333
86.24088
85.197226
85.75859
81.385759
84.674311
77.532615
85.475481
85.709214
86.788247
85.827385
85.87463
85.478929
84.405749
82.033873
82.279357
83.768611
81.640673
85.228173
79.25224
81.956483
85.285204
85.726963
86.701977
86.786177
