87.326879
87.89509
84.896764
86.620139
84.323841
86.91121
84.804556
86.657475
80.117568
86.997464
77.971295
82.959003
86.305408
86.780082
86.834268
85.475458
86.843411
87.588673
82.216557
82.965303
82.421537
80.448008
85.994903
79.143646
80.002578
85.169721
87.345893
88.195274
86.5362
87.092977
87.589112
83.976424
79.061918
82.622546
85.322576
84.990986
85.766475
83.217993
84.674847
83.583232
85.625395
84.852431
87.561685
87.098283
89.256388
88.532392
86.917198
87.24166
88.260794
89.005224
86.910723
84.55401
88.835613
87.293954
83.946848
89.203531
86.494714
90.897836
75.795998
89.021058
83.822723
87.904558
87.704476
87.734874
87.387922
89.677619
88.971514
85.18422
89.510669
80.293535
80.87443
84.641782
89.023705
86.777688
88.00631
84.761807
90.366687
89.596579
83.740558
87.986023
89.771722
84.74257
81.907507
80.795152
87.119528
77.928484
89.815134
88.665379
73.866465
74.30703
88.770378
78.77864
85.495844
84.351136
76.562836
82.724778
87.799101
84.753897
87.09469
88.813044
85.301761
87.206577
87.089429
87.58287
85.279478
81.012013
88.708759
75.672678
88.968496
89.273688
85.479585
84.272119
87.617274
82.782357
89.579354
87.59133
82.173695
82.67229
85.063045
89.602084
89.002314
91.243266
86.311813
83.188649
89.097997
89.793636
88.999205
79.52443
89.072774
88.418183
86.257041
86.459978
81.166258
89.484971
88.800075
84.443814
89.573304
78.484057
89.130013
87.819888
87.255973
89.330288
88.713215
87.845689
85.579971
86.629063
86.448804
88.083469
84.322255
87.636365
86.035817
87.6643
86.566756
88.90428
89.451901
89.594864
