91.262649
88.722373
88.715733
88.263412
89.301121
89.676383
75.943872
59.969148
93.329234
96.629135
97.341012
93.745647
81.428755
86.615638
95.192252
96.184754
96.236318
96.234472
70.359263
85.806782
83.607246
83.588114
73.304325
76.218844
97.417115
97.498234
82.54619
81.609018
92.118927
91.586043
79.977106
91.179428
87.291795
87.618474
94.210625
94.36664
91.694784
79.935814
75.374888
95.177971
81.568262
92.151135
92.423983
89.995825
83.527232
70.583114
82.257966
79.575782
67.437881
95.170644
94.226887
73.004419
94.87095
82.385812
90.515849
83.267423
87.582016
95.696504
93.20298
