97.567186
97.766689
97.759575
97.865366
97.957827
97.786527
97.918537
98.252564
98.691395
98.748771
99.123839
99.160464
99.046644
99.068395
99.048176
99.048651
99.07006
99.048207
99.04529
98.207057
97.765203
98.133026
98.556072
98.776225
99.123448
99.124449
99.124391
98.505448
98.207523
98.201937
98.366427
98.348966
98.472093
98.336694
98.312128
98.312885
98.497645
98.438206
98.441633
98.780563
98.1384
97.9962
98.023074
98.097308
98.202567
98.181507
98.227364
98.256325
98.408354
99.032455
99.049326
99.115578
99.086251
98.130049
97.768762
97.800014
97.974179
99.07723
98.996361
