80.104811
71.36942
73.939662
69.841532
70.112668
74.146146
74.181656
58.332149
47.403507
66.68654
72.876981
77.800556
75.094341
63.509175
75.669777
67.770657
75.686988
68.105441
71.071524
71.249827
67.660784
59.25807
47.568404
74.383706
77.368883
73.277288
66.250256
65.409112
66.336249
63.950039
55.061684
60.827959
68.852092
80.698096
81.496966
81.054514
80.268361
74.147732
66.797019
68.884713
63.773886
67.401986
63.499183
67.785891
60.595723
50.934605
60.952552
60.4092
63.748799
61.383377
48.778996
43.368649
52.478229
64.537774
59.618955
71.961771
84.266244
82.354271
94.23855
