79.094988
69.980299
72.139644
67.905687
68.250453
72.247064
71.157098
55.067395
44.408434
63.518245
67.015423
71.864298
69.974072
58.791783
69.944471
63.446162
70.663127
63.1865
65.982148
68.324327
65.737943
56.726261
44.176513
69.552417
71.519168
68.538437
61.647751
60.860156
62.662737
60.136266
51.051617
55.669296
66.674377
78.518451
79.705431
78.967029
77.076117
71.751594
64.639261
65.968236
60.593906
64.103088
61.028893
64.657073
56.00404
45.883824
54.963274
53.914335
57.776856
53.63301
42.958094
37.591021
46.142728
58.305137
55.991587
68.13233
80.750298
81.283479
93.151962
