99.855007
99.802834
99.979223
100.0
100.0
99.904709
98.571721
99.947049
97.646827
99.964955
100.0
100.0
100.0
91.474658
91.667349
99.029047
99.765005
99.943976
99.897933
99.654724
99.13665
99.275674
92.667045
99.130443
95.066763
99.849355
100.0
100.0
100.0
100.0
100.0
97.402454
99.953798
100.0
100.0
100.0
100.0
99.161665
99.900947
100.0
99.834235
100.0
100.0
99.552597
100.0
100.0
100.0
100.0
100.0
99.574807
100.0
100.0
100.0
100.0
100.0
100.0
100.0
100.0
99.995887
100.0
100.0
99.976967
99.5856
96.792003
98.969901
99.567195
100.0
100.0
