54.906948
51.441257
38.944708
38.791622
45.769908
40.128607
47.252524
42.208517
39.98104
43.814582
43.081664
46.964126
50.799886
31.926767
35.065933
36.692746
37.978591
39.0701
38.146399
34.087582
33.596047
29.918374
31.006018
37.1861
35.706968
42.699633
41.26209
39.866551
40.73977
51.766492
49.948792
44.914762
42.530811
42.485718
42.541333
44.525501
44.542822
42.268244
37.72891
41.04573
41.696995
39.771221
42.597783
42.825765
43.786454
43.174717
43.898296
44.6533
47.884549
40.751523
37.981608
37.910381
45.603619
48.741216
49.881583
51.712093
45.403296
43.967703
39.73873
40.018673
43.683624
51.722829
45.087752
22.433103
29.036761
25.820544
36.358923
46.160226
