73.489274
70.45998
59.98931
61.531575
65.600337
61.205419
55.485263
62.897357
53.850031
64.072381
62.477295
67.125423
70.162613
51.325837
54.847224
56.71765
56.750766
60.024726
59.884362
56.287318
56.391219
51.570255
56.909369
55.100077
54.458877
62.424338
62.275945
62.050178
62.187562
64.931162
64.824753
64.218364
62.341212
62.423962
62.498513
63.725318
63.679465
63.808914
59.554696
62.603704
63.020225
61.981696
62.730137
62.191613
64.548523
64.042156
64.475456
64.846194
66.440107
63.118353
61.792505
61.748632
65.752941
67.001598
66.291161
64.69739
62.986164
63.26758
60.952107
61.168204
62.452738
64.689302
62.891023
41.192116
48.42286
44.954285
57.664879
65.303773
