89.78685
87.732761
84.233808
86.595427
88.349325
86.332391
88.529299
87.565917
82.897078
86.227705
85.665994
87.896611
89.022254
79.652904
81.110528
83.7116
83.4784
84.642142
85.145661
82.5325
72.832056
80.284341
74.233139
83.790227
81.360746
87.020925
87.277429
87.157067
87.227157
88.68608
88.593899
88.71754
86.251088
85.388746
86.123983
87.893513
87.823846
87.168195
86.37492
87.177189
85.230545
87.606085
87.747667
86.65607
87.876183
87.782087
88.011353
87.91982
88.53886
88.125785
87.475073
87.490954
88.56992
88.861258
88.75944
88.484013
87.837275
87.448776
86.427063
86.905628
87.451791
87.514977
87.726245
71.005142
76.174449
72.013586
83.912451
84.56206
