88.283675
86.341553
81.892737
84.187658
87.110184
85.243709
87.102404
86.041409
80.786686
84.236772
83.492273
86.693706
88.231929
74.886163
78.223328
82.71202
82.693076
83.637751
83.485291
81.150036
72.055545
76.741739
72.918052
81.810354
80.066065
86.299022
86.783731
86.632772
86.711233
88.38633
88.326626
88.303493
84.994282
85.045266
85.44983
87.472811
87.473101
85.259428
83.717541
85.656435
84.282172
85.934996
86.916594
86.072725
87.458195
87.273139
87.552473
87.454868
88.196092
87.414702
87.26919
87.295628
88.140436
88.596316
88.488084
88.155464
87.509476
87.150466
85.7934
86.433195
87.005282
87.209934
87.270213
66.305337
71.745844
68.611419
81.897127
82.733117
