95.80144
94.013174
93.558364
93.841564
94.85046
93.851058
82.222704
94.762841
90.762701
94.060842
93.893778
95.27239
95.889307
88.409392
89.113325
91.64806
93.510167
93.706344
93.762051
93.112635
81.662393
90.586201
82.333861
91.862502
88.560736
94.074967
94.681265
94.670981
94.621035
94.127274
94.346981
93.633039
94.376406
94.360159
94.523097
94.936542
94.588079
94.265307
93.908022
94.443434
93.914586
94.256019
94.595477
93.705595
94.98701
95.004031
95.024459
94.963826
94.892744
95.748308
95.469294
95.475784
95.498935
94.937973
94.827769
94.203141
94.513858
94.437811
94.21645
94.69328
94.519013
93.812364
94.367361
85.909952
72.40543
81.726507
92.95412
94.361023
