99.963103
99.97362
99.731814
100.0
100.0
99.516901
99.633561
99.639053
99.630022
99.674499
99.938168
99.880335
99.576274
99.961306
98.957165
99.663746
98.697482
99.60504
97.946345
99.971432
97.898149
99.665574
99.442305
100.0
99.654085
99.603927
99.450974
98.06751
99.925408
100.0
99.730654
99.933703
99.891779
99.686292
99.947256
99.939746
99.420578
99.939464
99.392822
99.956461
99.870759
99.852541
99.383783
98.809944
98.676201
98.15446
99.908725
98.865414
99.910548
99.020733
99.258123
99.635831
