99.968288
99.982808
99.844821
100.0
100.0
99.551153
99.660138
99.652351
99.660803
99.682592
99.943928
99.88638
99.59507
99.963103
98.980343
99.673097
98.726987
99.621075
98.007849
99.980452
98.010535
99.694558
99.503995
100.0
99.684192
99.628895
99.494372
98.121782
99.928533
100.0
99.735586
99.937898
99.893854
99.699931
99.949611
99.943043
99.444845
99.942482
99.420913
99.957037
99.877771
99.855009
99.405474
98.826421
98.701415
98.187625
99.909834
98.882533
99.914098
99.043382
99.283558
99.643397
