36.839451
35.165824
31.661212
21.200719
21.34454
7.644646
7.075424
6.939046
11.354845
34.289173
38.031026
38.681471
38.4209
37.337709
36.186212
39.618565
43.721865
41.230306
43.33521
38.08524
32.190759
30.311812
35.767953
34.983856
39.090003
39.850219
39.214933
39.060018
40.757344
46.151309
42.421535
43.684948
43.841746
43.130871
45.144298
42.810259
44.717941
43.768
43.805527
44.687234
42.496874
44.773741
45.633134
45.206016
39.993038
38.875046
40.857155
43.088421
43.41174
41.491414
42.880116
52.243739
