57.459299
58.06835
56.220153
46.498271
46.571027
28.414303
29.203445
29.188872
33.000301
60.914378
60.712072
60.704465
61.357765
60.097406
58.869336
62.532723
64.315382
62.412
64.531763
60.715432
55.332646
54.159973
58.379713
59.75077
61.225228
60.785887
60.478998
61.274128
61.40348
67.141112
64.193624
64.14356
63.051096
65.059617
65.953773
65.017626
65.696626
63.623791
64.561758
64.888946
64.217378
65.922416
66.399173
64.771028
63.476296
61.323704
60.875203
62.879465
64.157583
62.936978
63.61861
71.497401
