84.250029
82.787853
81.992928
77.380978
77.389722
65.198332
61.585068
61.493267
64.506384
84.32164
83.749485
83.584504
84.240275
83.831934
82.776995
84.875327
86.544996
83.900867
86.203495
84.254916
80.121831
80.788958
82.835185
84.127438
84.303335
83.760419
84.218179
81.936802
85.260291
87.379684
85.837464
85.159324
82.913346
85.828179
86.640706
86.368175
86.728473
86.664235
85.312737
86.657527
85.933552
86.555376
85.714862
83.789233
84.372945
83.940599
84.935164
86.422452
86.158512
84.346615
84.915785
89.943739
