82.789823
81.28448
81.270373
77.131941
77.213939
64.562194
61.514178
61.420478
64.118839
83.038625
82.501021
82.195622
83.519608
83.188793
81.840095
83.590605
85.782086
82.827714
84.959772
83.311057
78.383915
79.403132
81.736493
82.731293
83.185799
82.872868
83.089344
80.834699
84.332464
86.68065
85.030514
84.495638
82.173678
84.952175
85.958136
85.661356
86.01004
85.834255
84.872867
85.878278
84.68332
85.783309
85.025708
83.216606
83.668531
82.349326
84.138117
85.821486
85.613028
83.86202
84.375561
89.268571
