91.922499
92.334492
91.924591
90.171883
90.247485
80.883655
79.952364
79.836698
81.596032
91.95275
92.700333
92.252723
93.101758
93.215632
92.274632
93.838823
92.463789
92.654244
93.780074
93.001028
88.950139
91.297597
92.476767
92.9894
92.952739
92.567065
92.030772
90.663391
91.665665
94.897314
94.081753
93.313165
94.315743
93.904136
94.275702
91.727459
94.154494
94.585406
93.348955
91.321354
94.121487
93.154041
92.273981
92.585849
94.116639
90.012013
90.5255
94.540153
94.586137
92.464684
93.117247
95.966245
