91.833412
95.537394
94.67433
93.331382
93.394949
86.426878
84.357667
84.208701
85.736116
95.651077
95.092547
95.476272
95.49006
95.626716
95.109607
96.287987
96.560512
95.540331
96.565561
95.69042
92.019636
94.240697
95.128085
95.791297
95.435376
95.013729
94.557272
95.896076
95.872298
96.901266
96.506147
95.591752
95.064282
96.062838
96.698003
93.868419
96.008091
96.802881
94.732126
94.697754
95.956454
95.562127
94.649146
94.709267
96.296123
92.813327
95.388231
94.731092
95.18877
94.634059
95.255687
97.642395
