92.203772
87.463299
77.06585
92.676401
90.81401
76.683185
83.999976
93.850725
92.429304
93.159566
64.870007
84.714832
91.688968
77.064204
82.800786
78.369675
87.036079
92.820256
86.05433
56.687506
92.514933
84.781687
89.707664
77.355136
92.477872
77.914386
91.011104
91.569462
68.565599
62.929323
76.077632
72.988389
88.528228
91.266741
87.371266
90.207926
89.608907
90.870899
68.940107
92.092348
93.572314
92.139751
93.630827
93.944408
72.656736
92.364759
93.208388
64.609059
90.571509
76.695054
91.820785
72.183124
92.3507
95.761941
