92.925625
88.207187
77.898566
93.913864
91.708635
77.367246
85.04747
94.733117
93.127865
93.86986
65.475483
85.211247
92.2825
77.728563
83.537168
79.089902
87.692572
93.578278
86.764634
57.1158
93.165457
85.122963
90.609155
77.872031
93.043833
78.401247
91.703579
92.48983
69.195054
63.551632
76.988033
73.719609
89.750799
92.300231
88.525396
91.292566
90.702089
91.934877
69.897174
92.977584
94.239192
92.937547
94.301283
94.680898
73.416192
93.322141
94.02516
65.133458
91.141124
77.351269
92.588782
72.545343
92.756488
95.978428
