54.607545
59.248494
69.070963
58.74254
50.147361
60.794592
48.094068
59.434842
59.807028
43.824829
41.786051
73.931933
68.567192
62.433719
52.262472
48.096106
59.435641
66.878854
66.339327
45.131761
56.436782
70.645487
68.786453
53.827529
67.584901
59.354388
76.719633
63.866788
50.58312
49.611786
49.990312
67.163346
54.750439
66.060791
59.436261
54.729951
59.656234
57.253356
50.621128
67.369537
69.094733
60.138365
67.025098
72.121708
67.500015
67.340283
63.430204
69.681383
72.162493
51.58168
55.996248
47.423976
54.024936
77.07888
