64.245661
66.261024
76.187164
71.479923
61.853413
61.630101
58.31609
62.733328
69.241378
54.875428
49.713395
69.151214
76.57935
73.441343
68.337074
67.920004
64.379831
68.037455
72.314077
56.860567
62.824469
74.140774
52.358226
61.179875
78.301264
69.943718
81.409305
70.940436
56.839256
55.391898
75.430323
65.258753
76.096425
73.986236
69.283804
61.529729
56.207295
45.558846
49.160828
74.290179
74.998551
81.216332
56.458631
79.094025
75.561506
75.47638
72.613345
77.172892
77.949676
61.930136
70.310925
65.886034
64.538898
82.711702
