74.539325
74.533207
81.150928
78.903659
72.972698
69.114511
69.223997
69.367804
77.067706
58.637786
54.545519
82.091002
83.208074
81.759959
77.399023
58.733063
77.895327
80.695381
77.441877
62.156688
70.362549
78.537078
77.232758
67.696725
84.241297
70.672169
85.115072
76.317136
60.954547
83.846405
80.376445
77.02456
61.868239
80.292182
75.916087
67.450413
67.702962
48.955822
49.897792
81.483872
78.694184
85.37995
83.455214
85.151927
80.796928
81.566345
80.51179
83.211399
83.12494
73.309923
79.200272
78.106601
80.613501
88.817857
