82.673827
69.825669
87.036597
85.931275
82.046184
74.682487
77.436649
74.662215
83.289493
64.624684
60.011943
89.491685
88.326399
86.944111
77.031492
53.701255
85.613859
87.474888
82.251633
54.820606
87.90025
81.733767
88.830831
72.252787
88.185564
74.565508
88.210358
81.714918
65.319778
73.428486
73.522038
77.196032
65.005056
85.798649
82.186874
72.196712
83.201886
73.533605
53.154883
86.55564
88.583259
89.587369
87.678502
89.138195
62.245675
87.942308
87.065931
88.410173
86.885237
79.016069
85.842608
68.06407
86.299124
92.355921
