85.859569
72.468238
90.544299
60.985346
83.272108
76.406659
81.132722
90.849815
86.167468
66.876802
62.462403
80.27135
90.18801
91.943464
79.942264
54.216211
87.557691
90.251174
84.416085
58.972902
90.183466
82.874154
86.284242
74.815569
90.180714
76.132442
90.185564
70.465079
61.446939
61.646468
56.608
79.733158
87.890145
88.835834
85.759476
75.825827
64.742221
76.170564
57.913416
89.298179
84.986827
91.808154
90.970239
90.817818
89.974986
89.972352
91.037034
61.303828
88.77354
74.539412
88.837111
70.208987
88.613537
93.52864
