79.347675
90.389697
88.563091
90.709491
91.037641
91.168577
94.001517
88.146476
90.880887
88.479027
83.785453
79.992204
90.485892
90.871543
87.378827
90.12975
88.217435
86.121916
86.593247
89.659372
89.619657
88.41896
83.390773
89.190858
83.31867
90.636345
90.203659
90.652807
89.276119
88.929222
85.207105
78.380462
81.788143
88.797876
86.838246
81.848702
86.526643
90.411217
87.61441
87.79463
82.929003
87.441575
74.262995
75.006356
89.745993
90.998185
88.842839
90.409841
91.106895
85.109947
85.950816
88.041784
86.911846
82.053205
86.779811
86.846727
90.406186
89.937253
88.595581
86.029209
79.628947
79.64044
89.767179
78.167022
89.033957
90.850114
90.430607
90.784688
90.998402
87.331619
88.679566
85.241824
74.396262
76.399252
92.646844
93.481228
96.228534
96.389527
96.434291
