39.399204
39.327569
35.417916
37.711007
42.210495
42.38294
47.009828
40.530812
39.983482
39.227901
40.155155
38.980402
39.405032
41.414717
42.535462
39.667008
39.577058
39.914024
39.420116
38.174627
36.161383
39.133189
35.446431
39.893601
40.227143
42.43103
41.742707
39.176387
40.303397
41.257626
38.646065
38.813199
36.375063
37.644305
37.75852
38.762951
39.088712
37.255935
38.598668
38.990147
37.537855
40.677384
35.934445
38.4359
40.36672
40.967109
40.648782
40.357235
39.899924
40.375816
37.386736
38.686624
37.387026
38.279922
39.304376
38.553724
37.820716
40.57516
40.172399
39.468133
38.757232
37.739467
36.575104
39.438292
41.233388
42.912133
41.462182
40.721089
41.167335
40.887447
43.498207
39.904458
33.951231
35.58158
39.42895
40.440934
54.954197
55.231927
55.312657
