56.268293
57.306449
57.155421
62.24547
65.142921
65.471676
70.81153
62.962365
62.014845
63.771303
63.253024
64.4685
58.217231
63.57738
65.069119
62.151121
60.766726
63.131087
60.655993
59.541537
59.66752
54.731069
56.01961
61.576676
62.200727
66.307845
63.764189
61.785644
62.164739
64.33955
58.003936
58.640914
59.228822
63.051622
59.203554
60.214007
60.568032
60.711667
59.182144
61.425151
58.360189
62.167706
52.998315
53.86659
62.66757
63.469401
61.895895
63.072697
62.903218
62.086978
58.533258
55.089279
57.360982
57.81171
59.832896
61.052867
62.174273
62.994237
61.885021
60.882218
57.112126
61.445458
55.577866
60.973512
62.948824
64.745659
62.790831
63.311882
63.243627
62.428473
64.167112
59.15609
53.127408
58.470266
65.064794
70.698208
76.866119
79.077876
79.144804
