83.113178
95.147517
89.156115
81.610942
85.465392
68.924635
79.583198
80.492105
60.23251
77.570457
63.681054
84.908905
80.762265
84.159865
63.70814
82.465141
83.070133
82.235749
75.882498
86.03189
82.023226
82.39691
64.55583
66.266574
84.075062
87.980186
73.798702
68.757773
63.246708
66.466824
74.496303
83.439037
68.846689
87.410864
83.527655
86.155783
83.733334
83.860746
64.594892
61.319643
68.513578
79.702972
78.768989
89.473144
72.882429
86.948037
89.193622
81.84191
62.297384
84.567652
86.342072
67.921897
72.863445
68.615822
74.174486
80.41888
78.413269
70.310175
80.557713
71.378175
78.010381
