51.709072
52.610941
49.47987
29.417691
32.307812
24.315782
27.662449
27.064323
24.816037
27.178222
27.45493
32.330642
28.95753
30.707862
31.846532
27.657332
27.561203
31.613585
31.143186
27.452285
25.715235
25.251189
28.896907
27.38608
29.649742
36.428641
30.076288
28.006529
31.725088
29.62207
33.298595
24.304764
25.592543
24.531807
27.215787
26.97903
29.191818
26.619454
28.44773
26.011159
27.024055
32.374213
27.200573
28.534329
28.626065
28.503193
31.515109
27.273063
23.927535
23.136958
27.644399
24.614483
26.36904
22.614514
26.401288
26.275095
25.738038
22.991301
24.514401
24.751856
29.36707
