59.298502
64.021259
60.401258
39.090397
43.227151
40.326407
39.43894
34.521442
32.200931
37.307308
34.998279
44.091977
38.065641
39.015131
39.258761
38.662181
39.675841
40.636007
39.817451
37.81743
35.161557
29.690297
37.218533
37.992218
39.098736
47.396718
39.496626
37.416008
38.155536
38.052955
40.320265
34.562996
32.621071
36.817792
35.26151
35.976862
40.217374
38.51278
37.342278
34.603372
36.639549
40.551345
37.697884
41.088728
40.750366
40.569726
43.946899
32.931762
37.768488
36.104582
38.432382
33.474546
36.771269
31.313827
35.601095
35.900297
35.495926
30.487895
35.914864
32.529004
38.407805
