74.008723
78.231469
73.994202
56.223757
60.916276
54.632732
50.503449
53.485745
42.969018
51.147007
44.196598
56.184777
53.601177
59.412731
56.635583
55.694645
50.748009
57.666286
54.185022
57.647358
55.525784
53.525954
56.739665
54.485722
59.26387
59.76124
52.319123
54.075095
49.028771
50.505814
52.739957
54.344574
44.82751
51.047822
50.349249
55.6814
59.856424
55.33639
50.340161
48.893725
54.798103
50.597354
53.58374
60.203142
53.893786
46.886339
62.185054
55.606038
42.326891
48.022393
57.277757
55.129365
51.997459
44.043834
44.891539
52.624236
52.260725
45.029208
52.463106
44.159635
53.255455
