78.467692
84.833497
80.465502
66.092162
70.369466
68.70945
60.447716
60.669569
46.520067
59.21301
49.123968
68.349896
61.879391
66.619708
65.492353
62.558892
58.467013
66.654042
62.209545
66.642732
65.194259
62.857474
51.291288
64.487883
51.602018
72.625103
57.240181
63.308964
55.501471
59.356359
59.304714
63.958877
54.196944
66.408507
60.802364
66.052414
69.065321
64.68191
58.517045
54.506583
64.780795
63.06547
61.965828
63.664822
63.85575
68.484152
71.536269
67.773274
48.029365
60.226114
64.460397
54.237117
60.186727
51.09731
58.02459
61.640582
59.985815
52.390227
59.685922
54.568551
60.81188
