84.625512
89.966941
83.801782
74.594165
78.075088
76.136265
71.492793
69.97637
53.072826
68.156423
58.182415
78.99136
73.902851
77.379919
62.208482
58.363881
70.839156
76.830869
71.160585
77.487895
74.899162
72.72913
70.991569
57.424243
76.123754
79.254649
68.356347
74.148544
60.79813
70.59907
70.549189
74.930943
60.337712
76.236457
70.66582
76.876559
79.817124
74.08492
58.776444
70.113683
75.018309
71.308982
69.131943
75.628179
64.447245
76.841025
73.048276
73.28598
53.327427
73.515332
77.357385
59.428264
70.87893
59.329085
68.186134
72.647138
71.359327
62.700571
70.462679
67.44931
69.719954
