94.312408
97.640532
98.500241
98.556839
91.375225
98.652176
60.094344
65.596625
79.805454
80.448485
93.546925
96.815949
94.532967
81.101681
61.167674
93.996527
90.432493
93.580936
94.204418
94.07978
93.01606
92.420478
91.352714
65.503244
71.815382
96.579778
97.049288
98.702392
90.232466
92.512291
93.811639
67.588408
88.622668
87.507513
48.547919
78.033993
86.455009
69.237431
92.94523
80.742539
61.3707
68.724165
75.709416
90.240932
65.409965
70.225759
58.662512
86.967833
94.997355
93.026927
90.957119
78.318108
92.793251
92.404526
93.492776
97.052138
96.359672
96.827015
