92.922265
96.773934
98.152017
97.025835
90.565604
96.66737
58.775566
63.968642
77.31194
78.952534
91.552709
95.945801
93.136923
79.717276
60.373658
90.197531
86.743918
92.070393
92.879526
92.144402
91.441603
91.327104
89.853339
64.214569
70.09875
94.457444
95.636349
97.302204
88.609472
90.700404
91.260321
64.768528
84.579332
83.45149
47.049297
74.31509
83.294201
66.786694
89.17225
78.110926
58.924169
67.295753
74.501303
87.660316
61.952658
66.494636
55.91932
83.078245
94.016369
92.740506
88.770297
76.308463
90.482504
90.161673
91.25097
96.114392
94.716431
95.556518
