21.910534
24.778775
24.844346
20.363977
28.422699
20.988752
18.630052
23.158348
20.389148
18.93236
19.921506
20.358704
24.915238
31.384818
33.195414
11.526108
16.189881
37.745345
34.705085
28.409629
21.09289
21.195687
22.772592
30.835171
22.102698
15.796646
24.831904
26.207618
20.65146
31.943824
25.013047
15.863969
11.478822
20.11326
15.834848
18.866363
17.111256
14.522735
11.715709
11.244985
12.845918
23.436719
23.09354
18.496379
10.220447
4.69647
9.86331
14.490415
28.100477
22.868828
14.1137
15.493553
16.245984
23.62515
23.651823
29.065666
25.15183
62.058267
