63.100223
67.029698
67.564191
63.014388
65.028767
58.676868
53.991525
54.909586
52.754506
51.753966
58.380823
51.562063
65.295244
57.537621
56.684681
46.302065
45.190014
65.414679
60.268534
61.670632
54.367119
57.292432
56.940015
34.850757
53.776339
56.150614
60.774708
62.435696
52.511777
65.132589
48.494094
32.343842
36.20177
47.585003
47.411869
43.440769
45.424836
48.932188
35.846782
46.221075
39.668938
53.636101
41.391639
50.631072
35.570133
25.774712
39.084234
30.857469
48.992181
65.437796
34.965831
44.735141
38.775375
53.908241
41.52989
70.658608
48.873875
82.905264
