79.101511
83.715032
85.554514
81.450745
84.557331
79.786059
66.794934
74.914939
71.656249
66.234194
76.449009
69.020929
80.464215
69.759373
69.277309
66.581963
65.251799
81.133154
82.464858
76.557969
76.371467
70.184459
65.41269
55.849876
56.936743
76.718775
81.260927
79.659615
57.793768
79.753418
76.010289
65.43671
49.436007
66.896578
57.866582
65.929574
60.108314
52.317848
67.668708
60.194396
59.850014
72.710785
74.438498
44.115087
46.602556
32.036522
45.890026
67.860698
78.079877
83.733908
70.135924
63.388881
71.62432
74.867545
71.67262
85.290461
77.71518
90.238045
