84.925234
91.27212
76.059826
89.536181
94.478422
90.331039
75.079888
84.13842
82.013685
72.549485
83.97543
67.837895
86.424503
58.563812
58.818075
80.521671
77.607493
91.627084
90.191146
84.956191
74.949833
75.395152
81.776153
90.414971
65.377804
86.108865
91.880768
90.936747
81.297524
86.734663
86.64258
76.529229
41.82724
77.877226
78.269364
54.793075
74.025795
77.607707
75.138549
70.193338
60.851099
82.599789
83.19565
80.703107
48.728366
52.312456
73.321674
51.58779
85.705697
92.63339
79.626697
71.283677
79.501043
84.692473
57.018168
84.368828
77.855998
93.25991
