99.615539
99.904924
100.0
99.906165
99.895371
99.815647
99.828135
99.693617
99.238767
99.381673
99.944086
99.847035
99.740106
99.111322
99.956708
99.973097
99.458583
99.096677
98.94643
99.493076
97.358903
99.992224
100.0
97.704088
99.975279
98.619629
98.893799
99.914216
98.032008
99.097211
99.827815
99.950407
99.933543
99.959386
99.999349
99.569572
100.0
98.94689
98.649097
95.209803
100.0
97.551014
98.815565
100.0
97.95276
99.732406
100.0
99.550822
99.042278
99.974075
99.214177
99.809895
99.558094
99.668928
99.854071
99.96438
99.758883
96.95782
100.0
99.98957
98.255796
98.757569
99.75159
99.101761
98.082637
99.140746
97.366309
97.071036
99.781217
99.639909
99.628762
99.98605
99.946435
99.9283
94.021838
96.367987
99.888541
99.619656
99.991354
99.285053
99.149078
99.493816
99.975146
99.683392
88.640891
98.709278
99.958039
96.905724
99.550967
99.841588
96.283281
99.737462
99.696165
99.458539
98.609488
99.872352
98.602734
99.986987
99.995938
