78.143855
65.846655
50.663725
43.812619
42.477535
42.277971
42.913252
40.161688
43.131564
50.014234
47.854007
45.916789
45.760532
49.557113
53.226962
54.461638
47.169245
42.127803
32.074479
50.496595
44.478759
54.057681
54.056235
48.473922
48.480478
48.825523
52.230495
53.209855
53.3478
48.613099
43.199718
44.397586
44.79998
45.263487
51.873573
54.780994
54.866662
48.504098
43.186643
47.334538
50.161595
52.204891
53.182866
52.786059
44.140167
41.533753
46.446154
36.155685
40.464352
44.188663
40.973996
44.431987
46.104857
45.652099
46.099111
45.33225
45.884505
52.767341
54.613016
51.383186
50.641983
50.852391
52.51421
54.98534
50.027661
42.31792
45.919231
43.244671
52.153659
47.724836
42.696942
44.03844
46.527847
53.676514
43.251504
45.903263
43.667003
42.685022
44.140682
45.752052
44.792644
46.753136
48.10268
48.313706
40.046529
44.946075
47.831039
46.189215
42.075395
40.138585
44.3801
45.179644
42.385451
37.843126
49.473201
54.281986
38.257723
74.371212
55.718433
