87.527826
91.780865
90.188245
86.555708
85.947476
85.893283
85.676478
85.6025
85.360239
88.859316
88.593233
87.742991
88.064314
88.409811
89.632368
91.380586
89.03733
86.991433
82.814303
90.551376
86.269542
91.140273
90.991364
86.625313
89.068536
89.164923
91.630374
88.379213
89.359265
87.944694
84.688842
86.706598
86.706444
86.870265
89.280532
90.590835
91.544754
88.361931
87.476643
84.148245
91.141721
87.461267
91.186642
91.366704
86.076608
86.736187
89.124601
84.006564
85.311138
88.125634
86.569065
86.703911
85.010684
87.399987
87.967263
86.811162
86.930142
88.027634
91.217012
90.853879
88.123486
90.620248
91.045166
92.026251
90.852252
87.211308
80.50558
84.61747
89.502271
88.024562
85.408023
86.335778
87.667153
89.614405
80.624264
85.066059
86.252509
87.105108
86.869772
87.749562
87.442627
87.096994
87.322945
88.904167
78.664164
84.102635
88.36733
85.032971
85.917972
83.014038
86.181754
85.358514
86.120281
84.53656
89.364853
89.797216
84.023891
95.266167
88.799833
