96.345265
95.628914
93.24281
89.898119
89.354096
89.28299
89.150593
89.290527
90.311638
92.17922
89.364526
90.720746
91.849927
91.241747
92.912553
93.700344
91.38249
91.309207
89.728648
93.883974
89.206073
93.284717
93.532289
91.746946
91.866049
92.017342
93.024497
93.714384
92.151328
91.893904
89.660383
89.62865
90.16582
88.434389
92.014913
92.454465
93.853622
91.506691
90.563729
86.978242
90.551389
91.722637
92.586702
93.805569
89.264677
90.3073
92.133994
89.26125
88.723827
91.449556
90.720079
89.782366
89.650288
91.067802
91.429943
90.013353
90.100785
90.433207
93.68393
93.696144
90.976337
93.932976
94.004428
93.183801
91.582558
90.811812
82.787085
88.833944
92.94743
92.723424
89.129303
89.717921
90.633314
92.142843
86.994749
89.887435
89.582755
90.101065
89.894799
90.920026
90.441521
90.828924
90.560129
91.338905
84.14649
86.979502
92.389918
89.737878
91.49987
93.037035
90.981802
91.056904
89.749615
88.580142
92.265751
92.28393
89.859158
96.688343
93.014464
