88.508158
80.164884
58.364194
78.865359
83.789631
85.908118
78.527905
79.313376
55.373393
90.316508
62.189087
90.863003
75.683325
89.510676
73.591323
88.318558
76.567907
64.431311
77.817569
88.215489
76.121084
70.056561
83.652278
86.084989
64.891653
57.973564
69.55538
74.531907
87.358605
73.14083
61.051977
73.116059
77.142328
75.348931
77.489841
83.938646
84.392399
55.730242
67.670774
79.676483
56.215644
64.22692
89.929505
79.141973
79.419949
72.071115
47.088617
75.320358
65.686511
56.475216
69.772726
36.988654
68.6371
87.158258
97.428043
