98.502828
98.935332
98.917241
98.931094
98.920219
98.939278
98.992007
99.014139
98.964514
98.959821
98.893613
98.949729
98.876322
98.896753
98.975915
98.98597
98.935954
98.976656
98.9767
98.952064
98.96209
98.922747
98.912135
98.884016
98.932637
98.975104
98.963411
99.018538
98.913798
98.968662
99.03993
98.936575
98.985408
98.902067
98.896144
98.906683
98.991456
99.047247
99.083617
98.989205
98.949737
98.955433
98.87904
98.844194
98.888808
98.913808
98.954976
98.952238
99.067362
99.056093
98.951033
98.951659
98.926397
97.747206
97.428043
