52.961616
34.901693
31.235721
27.931866
29.49351
26.771523
30.13045
30.092379
26.765502
21.655164
30.911254
35.692969
36.885312
41.003179
24.613781
32.611592
30.27821
27.688238
30.179181
29.008045
28.376275
18.956257
16.700341
26.252678
17.101051
14.044319
16.837384
18.68868
34.304753
22.185428
15.897998
23.470264
12.5276
14.765094
24.164847
29.764799
23.111868
15.822444
14.801415
15.044476
22.176739
22.972545
37.290762
32.805553
19.389205
13.806044
19.189027
16.3045
12.266248
9.973964
12.916067
6.41439
14.652738
58.406116
97.428043
