65.92851
57.46806
54.291453
47.506791
51.275871
53.68337
50.866667
48.178944
58.329898
31.163149
51.53488
40.104177
36.563919
60.376972
46.27536
56.265687
46.94224
47.71389
50.201411
46.822253
48.374862
44.825305
29.597915
50.301859
29.214871
24.006386
33.945771
38.1952
57.115584
29.391901
29.310733
40.513245
29.964607
32.880072
45.622897
52.768897
46.174867
29.761463
32.820236
43.883772
36.577625
49.856477
38.587048
51.551794
41.285701
33.85497
32.25708
35.230323
29.713004
25.685745
31.600673
17.497718
30.753587
76.166305
97.428043
