63.246473
50.386196
46.552795
39.624402
43.206301
45.997835
43.535965
40.84253
50.809536
28.251666
45.424605
37.705097
32.294552
54.197939
38.535235
48.718071
40.181389
40.072628
42.288944
40.28415
41.868549
38.986164
24.67592
41.972969
24.447716
18.492708
25.493411
28.874169
49.741111
24.575321
23.53103
32.631552
23.40146
25.564202
38.094777
45.650992
37.903495
23.392823
24.531664
34.71348
30.710124
43.339751
36.404008
45.199833
33.307335
24.006948
24.993542
27.073771
21.958741
18.668797
23.424091
12.956442
25.036242
75.547201
97.428043
