73.687068
68.470612
66.399724
55.008882
61.013178
63.688184
59.384103
58.896889
61.264249
44.08973
66.485912
77.260357
67.575506
71.237364
57.448913
66.346447
56.783751
57.378207
59.424527
54.460486
43.123822
53.58918
36.230274
60.654725
40.126503
29.509355
42.090863
48.557457
66.67785
30.460579
37.756707
46.876827
39.48792
34.756022
55.701515
64.262676
57.969368
37.836245
41.236792
53.645054
44.771423
49.185843
47.862714
59.912814
52.797468
43.978312
40.987894
46.702049
39.099139
34.147555
42.408518
23.617761
40.140141
79.406524
97.428043
