78.149149
76.249572
77.300114
67.62436
72.54631
59.499133
69.750804
69.501797
46.863098
38.940115
76.061777
83.656206
48.818578
80.358682
69.194329
77.622269
66.176055
62.942103
70.751633
63.744801
67.492929
62.096675
65.0709
71.630042
53.473274
38.899499
57.626325
63.799582
76.718976
56.610265
44.055839
63.372444
49.156948
62.640061
67.135068
74.300568
71.271852
51.354268
52.088347
69.07157
58.632017
56.477525
43.348367
68.614484
66.349119
59.518184
45.123716
62.216406
52.928347
46.257282
56.406569
36.385485
49.83506
85.656919
97.428043
