85.287047
97.536406
96.073218
97.34323
97.848146
97.956271
99.146585
95.109087
97.992211
95.512962
91.284961
87.347464
97.541921
97.79379
94.517207
97.281485
95.408905
92.982161
93.72945
97.089185
97.048891
95.829576
90.537891
96.713159
90.164391
97.654711
97.320079
97.922341
96.703125
96.343482
92.315002
85.152554
88.682506
96.167857
93.818486
88.038338
92.691008
97.66213
94.416764
94.742568
89.899281
92.912353
75.143618
81.377636
96.881939
97.875008
95.698552
97.616211
98.086778
92.019122
93.061442
95.130224
94.053064
88.742287
94.073763
94.189314
97.652388
97.258761
95.930351
93.268247
86.651519
84.305371
97.018818
85.101658
96.30596
97.061641
97.30407
97.981
98.154091
94.181847
95.139394
91.777044
78.793859
80.120543
98.88849
97.202639
100.0
100.0
100.0
