24.46052
26.062769
17.498312
23.109692
32.002997
32.719051
40.177189
28.16954
27.785225
26.369154
28.169945
26.116266
26.568159
30.506344
33.001408
26.539668
26.501366
26.854828
26.09392
23.792574
19.947151
25.180919
18.708464
26.704645
27.540464
32.591045
31.194459
25.6135
27.567595
30.21929
25.478368
24.906208
20.685779
23.017049
21.959756
24.672034
25.133455
20.463303
23.267559
25.472701
23.175924
26.892463
18.297705
24.22907
28.256547
27.299912
26.966958
28.089545
27.662586
28.461378
22.484015
24.471058
22.026101
23.833175
25.803238
24.604589
23.413398
28.328206
27.378268
26.113623
24.922854
22.910396
19.707797
26.196721
29.778749
30.901455
28.748544
28.999899
29.835137
27.724667
34.191297
27.245111
15.982586
18.571509
29.128394
28.982168
58.409361
58.924478
59.057193
