54.481317
57.80152
56.604054
65.935187
70.754968
71.559934
77.13438
66.643903
66.129399
68.740701
68.022715
69.979522
59.925582
68.728503
70.94128
66.007572
63.987635
67.389603
63.485826
61.617369
61.780546
53.354772
56.105549
64.787483
66.005949
72.713909
68.936378
65.516834
66.080019
69.665854
59.828108
60.385937
61.298752
67.413785
60.260726
62.44526
62.920449
62.0947
59.899785
65.079662
60.447923
64.179811
48.388498
52.564568
66.98794
66.608592
64.11939
67.689514
67.607127
66.328799
60.659625
54.513338
58.230283
59.001694
62.259653
64.300308
66.128612
67.234948
65.496619
63.891501
57.88728
64.666302
53.955655
64.300925
67.475916
68.070268
65.62794
68.179406
68.047563
65.208227
69.059912
61.031533
50.666778
58.905693
71.496141
77.335119
86.193368
88.801589
88.872444
