59.895642
61.607322
64.047556
71.042456
74.640538
75.501712
81.124484
71.783454
69.832811
72.538215
71.703086
73.449266
63.107844
72.175891
74.603223
70.694801
68.80494
71.764358
67.932723
65.63272
65.906269
56.825064
59.508023
69.986835
70.75924
76.020784
73.247947
70.52031
70.762097
72.983886
62.99134
64.207451
65.660456
72.357914
64.811453
67.519855
69.37751
68.487259
64.719465
69.610197
63.80736
68.850872
52.967759
56.496731
71.49376
72.245225
69.312544
72.764049
72.228018
70.911967
64.092487
58.651098
62.66446
63.645289
67.180725
68.90868
71.028023
71.468688
70.976701
68.091557
61.964916
69.192181
58.701106
68.51705
71.229345
73.155545
70.344555
72.282726
72.492522
69.75537
73.462624
65.471085
54.033981
63.387895
74.831639
77.841268
87.602359
88.989297
89.018349
