70.604762
73.53128
76.715033
82.693417
84.893238
85.340506
80.461318
82.443697
83.475619
83.239269
77.233545
82.542845
82.954157
84.675635
84.166116
82.474307
80.555828
81.712407
81.90252
81.882068
81.636058
66.367143
69.739209
80.941821
80.553205
85.700951
77.957484
79.837883
81.527288
82.579627
76.567292
82.244595
75.750546
79.068094
74.320649
76.127341
79.211035
79.443341
78.915323
75.791157
75.951701
79.165748
62.260945
67.341538
81.871199
83.07611
80.004633
82.971146
79.674235
78.401624
74.298463
68.784727
75.566416
73.820247
78.130322
79.209276
81.364698
82.086784
81.255228
76.946803
74.078239
77.231528
80.211018
79.519323
82.299582
83.845134
81.407334
82.809244
82.508589
79.914879
85.961418
79.509746
67.019297
70.551066
86.264293
88.527219
94.159511
94.640019
94.650012
