77.449465
78.901024
86.37209
88.934212
90.134619
90.091231
93.234201
86.173491
84.875642
88.438433
80.446867
80.939945
88.376187
87.557698
89.032387
88.722336
86.371284
87.805059
88.695949
88.299643
82.840887
87.065429
76.955824
86.875775
87.390901
90.28692
88.942394
89.161283
85.152945
87.823476
80.694959
88.277318
81.671765
87.933105
81.41642
83.667792
86.045893
87.941979
85.591367
86.192543
87.645924
84.784803
67.653801
72.751202
88.738104
89.382043
86.977947
88.851815
87.652846
84.520281
81.895153
78.636574
81.458722
73.725352
84.277441
82.646705
88.842554
87.828975
87.316327
87.029796
76.117838
87.986817
76.093834
84.040051
82.699596
89.157253
88.055079
89.100284
88.654648
85.942418
87.959203
84.465922
78.267756
76.50027
90.813588
91.209665
96.002787
96.061824
96.052141
