77.719678
87.772298
76.903401
80.18742
73.715323
65.779276
66.598311
89.229449
71.171765
88.150671
67.557204
78.122356
84.849393
55.044256
65.137547
58.902944
87.456126
67.857689
76.444333
89.813042
72.259971
85.085722
84.056089
83.518728
62.80518
83.028911
82.757307
60.457145
79.339118
88.011489
74.661704
73.095155
57.559008
89.518565
83.655524
64.547658
87.410755
76.524687
72.797888
59.213742
85.039639
73.759433
86.93604
78.299724
59.06438
82.826339
69.589845
73.830109
82.629716
74.640785
90.189567
87.566059
74.106761
68.577169
74.831212
88.43357
80.601507
59.506819
82.924068
83.646575
56.493825
60.102299
71.291727
79.764768
79.484052
86.668509
77.871794
69.154399
80.135971
77.717388
53.15211
90.427364
