98.621065
99.070688
98.919371
99.191836
99.073806
99.079587
98.968313
98.583154
99.11605
99.175039
99.066569
99.066418
99.09722
99.133988
99.103851
99.113546
99.066006
99.089355
99.153475
99.081285
99.070419
99.122991
98.46557
98.296843
99.109997
99.131868
99.189107
99.070303
99.111933
99.116817
99.133209
99.099683
99.007447
98.701943
98.926647
99.150887
99.081044
98.937041
99.122462
99.051896
99.175302
99.1501
99.174196
99.191562
98.57042
99.169701
99.067473
99.131459
99.129834
99.130723
99.12956
99.059362
98.943841
99.105525
98.76316
99.103228
99.146164
99.092951
99.059861
99.135912
99.114431
99.112174
99.109254
98.962502
98.661616
99.129966
99.131616
99.116332
99.152722
99.085746
99.069047
98.616742
