20.731637
15.622696
23.641521
17.460042
26.133521
14.267315
17.390688
26.848919
18.774531
15.111833
24.043316
18.488925
11.191215
15.281895
18.869704
15.561665
21.051897
15.151641
20.213073
29.801727
25.272022
19.788966
24.339821
19.488906
28.263038
18.835931
19.448035
18.620841
31.155367
27.147242
14.509404
19.211313
17.798062
32.972262
21.586033
20.312249
24.305122
21.778521
19.31081
13.769057
17.049545
19.102286
21.064877
22.999744
20.935726
22.558181
20.653862
19.08292
20.965058
17.507929
19.064312
21.406338
29.343561
23.302262
30.667253
18.904615
25.480818
16.076993
20.916812
18.34924
26.198463
18.219405
21.577283
21.978123
22.383712
23.538728
12.717828
21.001337
16.60511
15.218822
14.705426
33.965515
