43.766875
30.978541
43.786964
42.774875
51.432166
33.386513
34.364263
49.258435
44.46989
45.077407
41.152998
39.576198
29.93349
31.303317
37.51769
34.818402
43.976507
40.712055
43.444228
53.989103
49.376532
44.623027
49.549819
42.831461
38.825411
44.61417
42.983831
35.141664
49.968633
49.791766
31.775465
42.317996
34.678874
54.951439
42.611463
38.194172
50.361754
40.31753
40.218429
34.029327
42.536444
42.110637
46.881888
48.712896
41.220695
43.303279
35.273968
37.837221
44.286873
38.883411
36.719826
41.97545
49.468822
44.755594
46.104783
39.032623
51.8275
33.55663
42.840238
36.122413
44.834549
36.133613
42.762291
43.728397
47.912406
48.597414
38.589211
41.475755
43.212759
34.178773
36.559694
60.744231
