38.424294
28.014513
37.979312
36.058338
45.480635
28.644731
30.223026
44.725255
37.983297
38.134185
36.435015
34.774155
25.055224
27.355974
31.89353
30.630285
40.21166
35.682687
37.84895
48.764823
43.489191
37.800149
45.012161
36.55672
34.957896
39.063019
37.364431
31.841077
44.692446
43.923464
28.306833
37.234865
30.974191
50.315963
37.765007
33.504098
43.789437
36.354257
36.197768
29.197796
37.33222
37.228812
41.396261
43.622337
37.066383
37.41436
31.47299
32.179144
37.769311
33.399579
31.875832
36.633263
46.703979
40.484113
40.124195
33.761822
45.329538
29.627964
37.533816
31.423924
40.458039
30.623659
36.126742
38.726467
43.109984
41.930507
34.120518
35.974899
35.510649
29.786592
31.215523
54.108959
