52.466943
40.961105
48.337983
56.306242
54.357364
43.744518
46.132466
61.516113
59.000897
59.809679
66.337156
45.851639
40.092635
39.933392
47.418312
44.388792
54.206958
59.339747
54.652981
66.515002
61.921957
60.276433
65.058408
57.156267
61.48861
57.617068
55.57177
44.321604
67.01397
62.6557
52.610418
54.270735
43.757247
56.700484
55.159861
47.160107
63.353135
52.085198
58.735299
41.198676
55.852876
54.089411
61.293215
62.231132
46.193133
57.147738
64.19031
48.936125
57.39609
51.41013
46.531427
50.977747
60.387272
50.929647
57.192233
65.084359
65.526417
42.973287
50.486225
58.083727
53.774071
45.25327
54.002974
56.440019
55.937289
62.150476
54.414913
57.89271
54.809657
44.032983
38.603076
71.92039
