62.528059
70.695619
64.591368
66.313789
73.199644
52.619069
52.705858
67.236961
57.625876
71.956844
59.147899
59.05391
47.323566
45.983073
75.183033
50.64542
71.766652
61.317655
63.146045
74.582371
69.825982
71.369027
73.588445
67.746727
51.736031
66.892725
64.48627
49.81761
76.159515
72.913933
48.162293
61.991455
74.917782
76.001373
63.238728
54.617464
73.217564
62.40509
57.671183
47.925872
64.258614
61.897134
56.710745
70.387177
53.787402
66.967722
74.260233
57.718364
68.071097
60.856392
53.224684
60.240707
64.140618
57.882181
64.607426
56.922176
75.579323
49.381695
57.58545
71.501878
47.316588
51.346927
61.161724
64.018072
71.167156
71.772272
65.662592
68.255764
66.342881
51.406684
62.265829
75.725857
