100.0
99.976656
99.939288
70.346778
84.075313
98.401193
97.305486
82.365628
76.891736
93.873643
89.816667
88.475893
84.99287
99.085781
96.859093
93.74423
98.696756
98.608339
74.154375
69.847535
96.610982
98.955972
98.782504
nan
90.791147
79.683911
98.424665
98.083213
79.944122
93.811384
99.901584
81.433991
65.192145
70.97759
90.13796
88.305475
88.336397
98.275718
92.619594
99.094741
96.925691
96.871305
94.830803
89.057036
85.032325
86.459582
96.063783
92.008992
98.213966
87.628938
99.995621
93.315128
97.891363
97.348031
82.169852
99.78211
100.0
