100.0
99.984299
99.972466
70.436557
84.179797
98.490024
97.529039
82.640067
76.96319
93.876486
89.867182
88.592088
85.352163
99.549036
97.382215
94.28904
99.463433
99.581977
74.424358
70.652643
97.084778
99.182054
98.979946
nan
90.896921
79.815249
98.70887
98.397062
80.330961
95.025778
99.94973
82.167246
66.108172
71.886137
93.626766
90.064129
89.112511
98.660195
93.081679
99.270156
97.628508
98.400353
96.622574
89.688239
85.17524
87.770691
97.546749
92.492328
98.577476
88.611303
100.0
93.964525
98.603082
98.02856
82.67683
99.824412
100.0
