72.431366
44.51525
72.290837
56.202407
50.612427
58.789251
61.544933
50.509256
52.841025
57.413178
64.694822
55.68705
19.82623
50.438425
39.492269
42.238484
41.986205
43.29618
48.761579
27.809527
35.120535
74.799854
60.540606
62.155605
71.298784
80.673672
53.030924
61.763307
40.440443
31.909026
54.255054
35.218124
20.238197
20.470624
11.205555
34.879486
46.819588
64.422567
62.785803
69.351991
56.462057
39.731611
40.98493
52.630231
50.969463
15.303984
32.978759
38.224533
50.745892
42.878202
63.154178
37.386492
31.374191
28.922784
25.169442
87.001964
100.0
