81.623607
64.395906
82.431028
60.910532
64.042857
76.456341
72.05824
60.001769
64.935958
86.932658
73.141954
76.882911
37.82646
49.464132
56.786453
57.792621
59.461764
55.38439
72.393517
41.516246
55.819632
82.372325
86.885424
69.043461
82.75939
72.6753
59.738346
65.556544
49.696458
51.596091
70.8299
49.112846
28.429701
34.74101
28.851451
46.495577
63.85451
78.230927
75.170898
82.012979
72.693746
59.876121
54.616622
72.19151
62.991817
25.497954
51.392775
64.178931
62.055794
55.975973
77.4466
53.030671
46.038529
47.361471
42.31387
88.846279
100.0
