91.541412
84.208001
91.602029
67.156808
74.551081
86.855482
85.012478
64.86591
73.830972
75.547742
81.174922
70.197366
58.625606
64.065201
70.625488
66.016058
76.048576
70.322568
84.423674
52.852629
69.250006
87.931196
63.020515
76.763497
86.977969
94.214125
85.812576
77.782443
57.145067
70.109232
85.779241
64.113421
45.332624
50.27616
48.509812
56.671504
72.562526
87.870761
81.655669
90.44295
82.950094
74.042569
65.610262
79.768944
70.436996
54.35757
67.637853
69.631577
65.177462
74.490004
85.103476
68.122998
67.412129
66.553907
45.172405
93.004469
100.0
