91.625992
84.271274
92.022385
67.980014
75.999823
89.245012
87.625374
66.568482
75.439864
76.289915
83.062376
71.10381
61.853074
66.657448
75.156149
69.085192
81.43046
74.323143
87.824874
56.735633
72.68265
89.682291
64.230108
77.794957
87.807835
95.275011
87.732574
79.624362
59.448574
74.70382
88.046175
66.92266
50.40752
54.697272
57.541489
62.591835
77.721706
91.206463
84.912768
93.318986
87.915023
81.556453
72.61183
83.942088
72.670257
60.895861
75.747137
73.792921
67.360894
78.795518
86.61569
74.019644
74.939742
74.479
48.254981
93.38538
100.0
