96.686465
92.282285
95.849829
70.805831
79.626492
93.699811
92.837977
81.557776
77.923196
98.214979
88.015802
75.598901
73.088719
76.673948
90.159062
88.801724
89.50501
79.075094
74.681979
62.186949
57.55102
90.819951
56.128715
79.132012
87.245167
69.739936
76.298795
94.556026
62.152158
84.069152
94.08154
74.00451
55.173308
62.313453
70.692437
65.287301
82.761574
94.581343
88.775282
92.315591
92.172643
88.245625
86.62815
92.270514
84.028244
67.589778
76.478633
90.817556
68.089928
80.123659
95.205058
82.025247
84.203515
83.697457
59.628321
97.526643
100.0
