97.700897
93.947982
97.06222
72.126297
79.799137
96.031346
94.848055
82.978342
84.283682
98.148555
80.198992
86.300411
73.078494
71.322241
86.13083
91.665205
94.663181
83.176594
96.294894
67.118537
94.335755
92.802205
65.463962
83.589217
88.357243
96.799394
80.377622
96.738251
65.806074
90.68013
96.350191
78.377361
62.052358
67.325362
83.364488
71.074005
86.814653
97.348527
91.416476
98.602504
96.048199
95.024082
94.017992
95.888196
82.970967
47.055698
90.884655
83.425563
86.433744
84.511062
97.015739
88.829473
92.771168
91.863392
57.584093
96.521948
100.0
