98.117557
96.721886
96.828617
96.341156
96.471468
97.939997
86.183478
69.538993
99.787618
100.0
99.993137
98.098797
91.288574
93.240682
98.780328
99.355828
99.545311
99.609167
82.307301
94.078455
93.534887
91.81437
80.594962
86.19546
99.999587
100.0
91.94875
92.201149
99.88463
99.269378
89.29733
99.048936
96.076295
96.232742
99.263612
99.513364
98.033156
91.793266
88.246994
99.961365
90.826368
99.661412
99.977092
98.418391
93.553351
83.399544
92.524486
90.520045
79.93064
99.172888
98.206402
83.109945
99.141298
89.047727
98.486467
91.137954
94.887162
98.980688
96.487782
