98.139622
96.770354
96.880152
96.389786
96.496632
97.990662
86.268232
69.853111
99.945144
100.0
100.0
98.132509
91.469107
93.442087
98.827961
99.368557
99.55885
99.710091
82.680436
94.194642
93.62064
91.838978
80.91932
86.378372
100.0
100.0
92.203078
92.463311
99.991298
99.377987
89.633029
99.756172
96.197014
96.317086
99.275828
99.533833
98.095879
91.945447
88.378031
99.996673
91.033671
99.692283
100.0
98.496008
94.274205
84.140126
93.525157
91.477331
80.804717
99.681681
98.771449
84.022361
99.629472
89.636304
98.992117
91.477012
95.262866
99.107377
96.573812
