73.207072
67.183176
68.037482
67.835275
65.07505
67.530109
59.093395
40.824829
39.857334
46.686002
44.322421
42.17211
50.156757
44.740723
51.574694
53.631185
57.902588
48.804108
58.878634
62.378125
61.486993
53.731317
35.176407
44.438675
39.99803
48.337145
50.827
50.351832
43.727523
53.342543
44.060848
44.218262
61.107725
73.028501
74.192418
73.60465
70.905157
61.962536
70.943816
58.34232
51.061468
55.719673
52.791005
56.125633
47.948466
46.50551
38.425363
44.863602
45.726741
37.358652
33.919582
36.056779
27.825227
43.368739
74.74496
74.309824
63.097358
83.989682
91.799547
