83.825049
78.131059
79.691556
77.953163
77.791295
79.524775
63.249012
53.900069
71.472234
63.184335
68.571184
68.428605
62.448203
66.655111
72.162927
73.703689
72.034266
75.644835
70.054427
73.301432
73.745316
60.50701
48.76818
64.271503
70.089857
70.163602
71.493773
65.497286
60.841121
70.615342
60.178306
59.223968
74.532834
84.897308
85.405667
84.928368
83.387041
74.100148
83.751326
72.095826
65.882771
74.004437
67.196019
70.972987
62.520789
63.155631
57.367019
61.297525
62.642605
46.945072
48.369636
43.521301
48.958202
77.354963
76.373581
83.834713
88.04368
85.424775
94.05736
