94.643665
87.74882
90.056695
86.334173
86.168665
90.610021
90.573905
73.801162
62.505051
84.166328
89.170193
93.08373
90.729169
80.795031
91.605799
84.625387
91.344218
83.983351
86.444218
87.177373
84.830554
75.393969
60.773382
90.952723
92.807175
89.010652
82.863694
83.64384
84.771132
82.374918
72.078251
79.934862
85.908744
94.987714
95.405054
95.137277
94.466643
89.889926
83.503029
85.261151
80.804092
84.376339
80.22385
85.582339
79.043773
69.265424
80.308518
79.825026
82.678443
79.275389
65.853529
60.61846
69.902631
78.472028
70.756052
83.885466
95.891375
87.128807
98.935186
