94.020098
86.785624
88.851668
84.977616
84.885094
89.303916
88.453799
71.206369
59.884456
81.721407
84.914562
89.098501
87.212987
77.003065
87.610735
81.382138
87.926377
80.459111
82.961108
85.176125
83.423284
73.390996
57.962687
87.527825
88.851485
85.748796
79.37538
79.948514
81.797796
79.273342
68.575425
75.334777
84.311819
93.674522
94.355205
93.897244
92.554931
88.288126
81.891549
83.113446
78.320952
81.822099
78.324706
83.165051
75.055091
64.444736
74.90173
73.904985
77.43313
72.609228
60.298713
54.646445
64.051776
73.762738
68.422394
81.469677
93.750024
86.519991
98.324332
