96.781113
92.308974
93.497138
90.986256
87.53408
94.630892
80.435617
69.173805
72.950868
97.56354
97.71618
95.561498
86.066384
83.489834
93.228898
97.2233
95.830985
97.533932
78.657225
88.461493
87.680035
79.028635
64.291988
81.628346
85.772867
94.315404
97.011992
94.735719
90.96982
90.145408
81.685197
86.788901
90.187147
98.371478
98.433483
98.473102
97.706264
89.018699
85.429616
89.408088
85.276118
93.904251
85.294949
88.921584
85.657784
72.898927
87.368755
87.296975
77.256202
87.109333
77.169362
90.736989
93.752026
76.845807
75.124589
75.567593
90.803995
89.084678
94.32731
