98.178546
93.9675
95.222343
93.260823
89.34354
96.653538
97.316036
72.559299
72.348904
96.510857
99.236967
97.096384
89.220407
88.518227
89.601343
99.001647
97.526538
99.30558
80.832662
90.359457
91.960743
89.503153
66.995977
84.165264
99.293757
99.357961
89.883808
98.063869
95.032336
95.264789
80.912163
95.201729
92.043245
99.347794
99.329646
99.509514
99.232343
90.74664
91.407575
99.673752
88.411825
96.679543
87.730399
91.879273
90.296971
77.626871
88.025891
86.351426
80.617948
78.064614
76.013047
80.909073
98.10498
89.520977
94.159513
93.613909
93.12773
87.205699
98.033504
