1323366
1529467
1307854
1326913
1469948
1516713
1422225
1226794
1455638
1373658
1431866
1446909
1433156
1262513
1400311
1398751
1475092
1486275
1400878
1568834
1515927
1477732
1500039
1501589
1383018
1554908
1414381
1225323
1511705
1576084
1368665
1456387
1389398
1510120
1441438
1524386
1532420
1454409
1427114
1502813
1519988
1473559
1545283
1372736
1537013
1483279
1476049
1369617
1427582
1575715
1374479
1399444
1529047
1531478
1358768
1568104
1517370
1506227
1387775
1465545
1560230
1305267
1528188
1498005
1519146
1358678
1510700
1575675
1390665
1511232
1541540
1431374
1272808
