1974903
2160282
1893479
1890195
2108335
2221430
2071324
1755337
2099603
2022261
2053712
1969778
2208534
1772943
1994443
1985312
2105605
2180225
1914529
2317765
2193738
2050824
2202674
2188844
2047936
2202203
2064026
1705229
2207387
2318558
1994816
2050582
1991384
2192318
2106760
2237545
2169828
2073003
2055852
2116587
2222417
2189321
2162566
1937030
2212454
2188507
2125689
1925735
2178447
2250843
2032083
1936820
2195403
2209863
1909437
2287136
2175883
2181854
1868668
2126864
2356643
1720171
2231782
2141879
2132572
1984620
2232546
2253273
2031825
2151165
2240316
2123462
1723680
