106913
121445
112471
113355
120687
116468
116273
103057
119166
114074
119085
121430
111952
107688
118618
119512
119358
117593
106675
124338
121874
111766
123324
121225
111513
122935
112914
97769
123877
118290
108522
121129
114657
129544
107028
123408
120996
115383
119560
125532
113634
121777
117591
115387
122701
117158
116939
110402
117650
121463
108579
115483
118784
123302
111047
120155
125452
117494
109320
118044
128266
103786
121063
119888
124961
109756
117525
124264
112549
109567
121990
121859
90967
