167085
191241
175203
169989
186929
184290
183403
163595
185364
184085
186598
196903
175684
166025
176644
177123
190116
183062
173161
200828
190303
184584
187648
193755
169512
200276
173799
155123
195717
193946
171425
193543
181449
203403
174936
189242
196182
179904
187034
196636
183921
191324
190002
181901
193167
185154
189355
171827
185719
193220
169179
181095
186893
194574
180083
184041
194883
188811
172588
185492
199339
167984
193253
189582
197372
169489
183413
202378
175039
176872
194037
190744
148282
