234138
288200
249280
247328
265198
279630
265704
239455
266769
262093
260598
276207
266275
232233
255465
260583
270290
282387
252421
296894
288524
262685
287515
278695
255294
288610
254135
227640
280351
289669
258060
278674
269640
301691
253663
274868
283293
269725
276079
280504
284968
279209
286798
266852
283889
276052
279246
257634
273978
286679
249283
263170
284064
284185
263387
272575
290563
288989
246246
272608
295176
241827
284732
273303
286156
254252
270675
294713
264486
266109
293049
276439
219635
