328432
374425
330341
326934
358689
375410
355966
321886
361098
354527
353900
374672
358234
311683
351008
357186
365229
379380
341099
398064
385683
352657
376691
378049
339418
389198
342211
307557
374384
388447
349512
373862
364019
405951
343880
373127
382243
357134
369482
385320
370744
373114
390063
362372
379382
368073
377017
341657
368008
388818
335375
366066
370869
387235
362530
364671
390584
385653
344384
363767
398954
329439
384237
374084
382938
348711
370860
396668
352334
361743
398620
364364
298601
