745924
865511
764044
760992
829342
875901
844633
726736
851952
823652
831443
869490
829963
737867
828362
839803
861675
862622
814759
919075
872059
845792
890334
874731
794092
905663
807892
707399
867490
900118
814840
855390
845852
920051
807292
866737
885078
841101
848843
891977
865844
883380
891940
814052
879100
871353
868329
777807
837953
906909
795295
862523
857864
907211
817841
874869
924617
860332
810745
858087
927781
750911
892422
896726
886741
815257
865922
912915
817831
870702
903063
843513
731114
