95.653573
93.55214
93.577933
93.191204
93.947263
94.264109
83.622642
70.759806
96.403035
98.733503
98.767486
96.270474
87.704969
91.699384
97.274503
97.967489
98.035241
98.007954
81.282351
91.057068
89.602167
89.349188
80.073645
83.576476
98.825426
98.890959
88.663701
87.711317
95.924056
95.493336
86.461632
95.146087
92.193845
92.495225
97.59951
97.719842
95.447232
86.545836
83.098329
97.860096
87.700239
96.043654
96.238815
94.344282
89.372769
79.532359
88.402162
86.330409
77.046901
97.079288
96.509913
84.231039
96.85932
88.23435
94.644768
89.513804
92.260816
97.353499
95.528618
