95.384738
93.109094
93.140238
92.68614
93.355591
93.740569
83.177306
70.076714
95.311395
98.326132
98.368641
95.9622
87.336207
91.165858
96.778997
97.475646
97.542932
97.394822
80.772012
90.514291
89.052087
88.645337
78.979334
82.997261
98.438537
98.542009
88.231056
87.089191
94.911485
94.475013
85.418065
93.594082
91.621508
91.97062
97.087506
97.183734
94.819518
86.145311
82.74078
97.20713
86.852575
95.196998
95.291013
93.551998
88.003025
78.41234
86.701751
84.758845
75.765073
95.683569
95.487539
83.335265
95.6448
87.264892
93.655895
88.661969
91.434151
97.048409
95.267943
