65.504481
61.133154
61.644941
61.383297
59.623024
61.129248
55.814105
44.75578
43.561738
49.227261
47.550234
47.25996
50.28695
47.729693
51.040234
52.200924
54.928385
50.833663
56.071314
57.838362
57.204925
52.465235
40.313506
46.778263
45.943073
49.866458
50.904627
50.120699
45.894139
51.545435
46.419491
47.243005
57.324729
65.44856
66.323845
65.845999
64.030527
58.013745
64.075885
56.427511
50.439674
53.113215
51.486844
53.20917
48.639567
47.852033
43.403278
46.930239
47.425815
45.455442
44.987532
48.417017
40.829876
48.439637
68.497433
68.746442
62.028726
82.932605
87.833765
