74.720949
69.996636
71.145781
69.746792
69.679969
70.759375
59.688343
53.932424
64.389686
60.071708
62.885063
63.061678
59.383975
61.674779
64.796911
65.904162
65.309315
67.82461
65.118932
66.388883
66.565097
57.903565
49.786018
59.691709
64.048345
63.942155
64.55396
60.607327
57.216858
63.49167
57.044285
56.926579
67.381847
75.687692
76.172544
75.697781
74.462241
67.1411
74.782024
66.482593
60.736857
65.993625
61.761189
63.799593
58.311351
58.507068
54.99925
57.552578
58.310952
52.246754
53.678216
53.723493
52.847774
71.684727
71.752325
77.44817
81.372038
85.506211
91.902255
