86.462309
79.736443
81.719335
78.583609
78.738258
81.841567
81.803083
69.445373
60.474657
76.490599
80.398478
83.690007
81.730776
74.39038
82.136363
76.768993
82.394013
77.712214
79.926569
79.518964
76.893524
70.289213
60.077489
81.619929
83.409759
80.604935
76.305761
75.294761
75.725711
73.931399
67.137126
71.831411
77.821615
86.885416
87.487844
87.143027
86.410884
81.893116
76.32117
78.227363
73.644168
76.477426
73.443125
76.807787
71.553956
64.288321
71.960868
71.583148
74.010113
73.847856
66.147782
64.938117
67.390839
75.399935
71.087575
80.731773
89.754264
87.681442
96.465757
