85.698844
78.690533
80.371198
77.140584
77.345947
80.417551
79.555672
67.022769
58.310771
74.26625
76.356934
79.593271
78.201089
71.120122
78.130882
73.750179
78.853358
74.257448
76.380036
77.418704
75.459649
68.411959
57.513027
78.238029
79.385635
77.352405
73.098033
72.076921
73.000969
71.116395
64.194731
68.063904
76.228147
85.280311
86.165094
85.599138
84.09025
80.12826
74.733902
76.14148
71.298224
74.012122
71.605032
74.479962
68.15381
60.547145
67.549102
66.80124
69.624459
68.572054
62.179459
61.050382
63.028863
70.966796
68.420646
77.943146
87.20043
86.879951
95.643252
