90.091701
85.287275
86.236828
83.774464
81.241645
86.961193
75.498418
67.469185
69.683121
90.184406
90.305649
88.570587
79.478611
77.598363
85.598635
89.811302
88.628256
90.824608
76.311781
82.053793
80.396592
74.298292
63.931788
76.196245
79.922219
87.760053
89.517947
86.527814
82.449919
81.906581
75.421076
78.515242
82.565648
91.769982
92.026674
91.971633
91.258997
81.505526
78.438055
82.947027
78.881116
85.878917
79.085544
81.436486
78.081283
67.903522
78.6449
78.683103
71.570208
81.445483
74.580243
85.920698
85.741428
75.605165
75.207299
75.907556
86.988152
89.524346
93.388611
