92.381947
87.68492
88.696995
87.253062
83.681874
89.853419
90.763687
70.998477
69.90372
91.26213
95.439673
93.175174
84.11801
84.443023
84.131104
94.634533
92.788886
95.746124
79.199258
84.949625
85.468882
84.115935
67.195692
79.724945
95.682841
95.701705
85.067817
92.267352
87.532722
88.231438
76.345813
87.652601
85.06821
94.041446
94.452911
94.615452
94.163248
83.954453
84.864379
95.160228
82.88621
89.697817
82.22413
85.251082
83.438665
72.498639
80.956276
79.700466
75.44123
75.781055
75.39635
80.956855
92.892496
86.912474
90.126063
90.175093
90.059393
88.294541
96.234224
