1131874
1065518
1137486
1215101
1107084
1036407
1131795
1125879
1014572
1020196
1174236
1180956
1025730
1191751
1228169
1085806
1060024
1120684
1252947
1136511
1183110
1033873
1132964
1186518
1115328
1203988
1166658
1163998
1137015
1232745
834386
986435
1059799
991065
926458
1128875
1136118
1130297
1161166
1085057
1166863
1241396
1156138
1148768
1127388
1198748
1037577
985039
1161984
1238063
1012477
961011
932836
1193467
1198062
910467
943694
876247
1067037
1165207
1134473
1186882
1139350
1259002
1125894
1215085
997143
1102485
1101797
996678
1241130
1064530
1001332
1204229
1047102
1051680
1154361
2270
