1434562
1357661
1446962
1551119
1415289
1321413
1447126
1431831
1296960
1305512
1503985
1498337
1326851
1534165
1552706
1409420
1359776
1448565
1574456
1465537
1502905
1321911
1454258
1518730
1414686
1539139
1499774
1486070
1440628
1573823
1095233
1248316
1348337
1247043
1192561
1445372
1447494
1423007
1496325
1387164
1484003
1586073
1481357
1463480
1437647
1527617
1327574
1249363
1488338
1582731
1291988
1222236
1182677
1509635
1526285
1175782
1205462
1100392
1327536
1497810
1448944
1500138
1457079
1601834
1437430
1555953
1264244
1409757
1409884
1285177
1590207
1362330
1284261
1537561
1345666
1351939
1465623
2270
