2149166
2004708
2166271
2217219
2084921
1944259
2104615
2106094
1949528
1966397
2210935
2160006
1869502
2302660
2200726
2054021
2003269
2106113
2372611
2078098
2129950
1882357
2094329
2196387
2053725
2275424
2119737
2142386
2036696
2283376
1418224
1493602
1591961
1803814
1698731
2010470
2158666
2119726
2176214
1981475
2137449
2290983
2101509
2104123
2108316
2247984
1941637
1808089
2173097
2281511
1812111
1734716
1671118
2304949
2110766
1672876
1680921
1550603
1855366
2180411
2113974
2109045
2116491
2319196
2070165
2199131
1845991
2043593
2024361
1904327
2312996
1972946
1943996
2241659
2011933
2001244
2087723
3588
