115013
104188
115653
123673
112504
106321
120398
118195
106893
101166
116692
123927
108790
118670
123433
103350
110385
119067
124449
117900
116329
107700
118850
121598
116876
125858
115796
117194
116665
125882
100917
110662
118297
118717
109257
123114
122093
117731
117858
108021
119898
121134
118872
121344
113793
119500
112742
108537
119897
125228
105893
106731
108688
126865
118591
98317
107218
118164
128263
113357
118699
120341
112477
127979
113453
123895
102808
120526
115823
103015
127039
107000
105866
116615
110240
111879
115631
1323
