182835
164265
182532
198114
174252
171452
192033
182530
169454
161328
187356
194992
171178
190008
193573
168537
168942
185058
202173
185123
184171
167937
189082
191385
184552
198325
186933
182818
184230
203819
156696
173484
183855
186132
172211
191376
193542
193463
186531
168181
188001
192494
186974
190760
179683
190869
178359
171041
189494
202215
161952
168501
168364
204829
183971
151954
171163
188856
201120
174804
187319
194756
180759
200592
183441
197743
159093
188635
182575
164290
197054
172137
165192
187863
171905
172982
179790
1360
