360599
324486
368978
385492
351376
329106
380319
360885
323579
317225
369738
382554
338871
380482
380043
337506
341252
366042
404586
366985
369574
330633
375729
381066
364568
388910
373426
373191
357957
402607
310705
338557
357987
359264
327245
381742
369005
374215
378612
340939
366475
388144
370584
372165
368583
374996
349191
320178
372669
400094
321178
330223
326440
400590
375574
321080
336606
357783
423391
330783
374279
376890
362189
402960
363440
391163
314661
362707
356305
316788
386926
345439
326823
376087
343480
335996
358995
1641
