501033
457354
507477
532265
493351
468938
523847
499638
447030
440912
515840
533078
469385
521027
543302
469253
464686
499613
561253
510254
524836
451034
515217
529159
505383
531513
523291
520335
507884
560534
425159
470309
494855
471110
432548
499922
516766
529221
527808
478563
515699
552027
503659
519371
502597
528141
464260
427766
516075
558720
451867
444746
417080
539268
530573
433918
462680
505834
571046
482050
504973
538878
490744
562730
500854
548521
447000
500378
494039
445433
544545
481607
441643
523124
484534
463124
501964
1576
