100.0
99.639691
81.839465
62.903927
89.944375
97.162928
98.006162
98.432554
98.767404
98.745721
73.065448
95.601434
97.910569
97.04782
85.673088
95.961684
95.404757
94.57936
96.888701
83.841951
98.694132
97.27451
95.447449
99.611808
95.968744
91.514097
97.919397
97.916303
88.191583
98.8772
87.903751
99.176734
83.869212
96.030483
91.448982
97.517316
76.420253
85.216341
93.937711
84.337068
96.514462
95.444433
94.83572
96.827778
93.951841
95.328264
58.976749
90.67826
87.031011
99.905842
100.0
100.0
