99.99964
99.574107
81.725384
62.520088
89.37999
96.594871
97.986517
98.423135
98.769805
98.362188
71.858687
95.152182
97.779253
96.599972
85.07572
94.767937
94.484403
93.071084
95.603992
83.427577
98.10265
96.908396
95.147676
99.080688
95.785604
91.297526
97.741253
96.974039
87.924973
98.244505
87.628736
98.976344
81.849248
95.361095
90.71043
96.898327
75.542496
84.123275
91.768476
81.686518
95.453687
93.048099
93.711879
95.573647
91.192463
93.340946
57.741315
86.733899
86.450516
99.834049
100.0
100.0
