45.692446
47.488454
42.809701
34.705684
33.314969
33.15256
70.944513
58.490583
40.150543
53.921816
3.032405
41.056791
45.148192
28.306476
22.542936
14.171913
36.794183
20.431272
25.457699
32.526792
42.454384
57.772746
29.71381
22.447609
27.632007
31.484207
29.096419
23.562727
18.954738
43.778003
66.20866
86.559607
25.265248
41.148842
41.04665
35.777348
25.436177
20.511875
10.663029
12.903541
24.771353
27.911775
17.423154
37.873982
13.736113
22.990816
11.812734
12.186588
40.318296
51.148954
96.10347
100.0
