66.471893
58.506189
55.854655
67.950279
51.149852
60.459518
81.090347
69.063502
49.197516
68.35545
11.970474
61.409584
57.237405
50.178025
41.685386
46.383559
51.084377
28.95177
29.072678
53.015635
59.725906
59.893515
59.246851
42.987911
39.591978
53.083578
53.646082
52.62337
26.11206
37.618407
77.469693
86.806163
32.635911
45.668297
58.394469
45.671151
33.222156
25.307698
24.050487
21.275646
30.240914
46.851807
30.881801
55.081759
24.054249
41.275474
31.476607
20.852241
62.579555
67.653949
97.72606
100.0
