84.015581
78.791197
68.551774
58.777309
65.491684
76.792107
88.60301
77.124516
88.542661
80.706446
21.015559
78.33419
66.695767
53.458593
62.538664
66.336257
62.363171
35.03788
65.667608
73.34097
75.429295
62.193259
75.93648
59.459712
77.191686
71.759775
81.310989
70.57883
63.955112
62.601141
85.211871
91.106947
49.158905
57.661907
71.162832
45.396112
38.887034
32.538541
39.191969
29.643408
65.025535
50.988039
61.287019
38.561722
40.056052
57.075541
45.729834
39.952573
76.995742
84.608849
99.017288
100.0
