85.203578
80.453598
69.761693
59.723996
69.30901
82.834822
89.750745
78.322192
90.733795
83.969046
25.360283
84.020138
69.008196
56.500972
68.143664
74.748466
67.26736
40.820625
74.479058
78.762008
81.005418
65.054646
79.88322
63.740409
81.08839
74.266096
84.728884
77.528484
68.109742
67.096512
89.165538
92.854661
56.332573
62.362818
77.151828
47.415007
44.102658
36.653156
45.453154
34.858543
73.726996
59.815067
68.507892
44.47994
46.996544
66.567703
53.506413
49.026121
79.944464
85.869764
99.01556
100.0
