94.041553
96.099664
98.164667
98.260838
97.248911
89.570815
93.996323
80.878634
95.786483
91.137053
89.842934
87.430382
92.10116
88.384451
78.322309
97.509229
96.497521
88.560127
95.769019
84.875824
83.520861
72.670971
77.219451
87.552319
82.464081
80.531698
81.216542
95.885077
94.988304
97.63008
97.048393
80.640087
92.851458
96.515887
94.338721
98.545007
97.073168
96.597353
83.130586
92.984182
78.999734
93.450971
79.272336
98.950873
98.739103
98.811455
98.700907
98.593024
98.825653
98.799933
90.764349
90.116284
96.982125
95.851406
96.504686
94.687442
92.640087
95.35291
94.847857
96.594542
97.869099
95.488161
95.030881
96.206857
96.46368
95.480181
90.948959
74.538132
89.540619
93.859385
88.624657
83.706697
97.734062
97.844954
98.066542
99.476163
99.118731
99.454171
99.13889
98.932067
98.802237
98.667902
96.460573
85.636283
87.100278
92.565425
87.827407
96.911502
92.46787
81.706574
93.936215
82.609205
95.572705
96.208468
93.916212
96.055981
95.432499
95.498283
100.0
99.885266
98.915567
99.046124
99.061732
97.322929
97.708997
98.277374
98.235646
95.40793
95.866334
93.755901
97.438703
87.353667
89.653011
82.303223
79.618893
98.629102
99.07513
93.697331
97.792329
94.252677
97.47106
92.820259
96.742612
97.598544
93.735536
96.904525
96.421621
95.547459
89.810568
73.091835
88.679602
92.188736
78.947708
83.373395
86.539169
97.62936
95.210937
98.509492
98.698992
98.709234
