93.611145
85.519824
98.109459
98.222265
97.028025
89.236118
93.697193
79.976797
94.848695
89.311184
88.625232
86.4123
90.70901
85.754173
77.064737
97.154325
96.497521
87.919201
94.748418
82.059045
80.346916
70.963823
75.227109
85.102048
81.601558
78.654199
80.291408
94.776396
94.081848
97.304105
96.62007
79.684918
92.220657
95.877831
93.975321
98.385782
96.524489
96.094668
83.030975
91.229624
77.659723
91.747735
78.524677
98.923312
98.678934
98.707573
98.630608
98.514748
98.787783
98.528675
89.673046
89.590216
96.336882
94.410906
95.947728
94.302994
92.226133
95.112267
93.44083
95.765225
97.722146
95.182508
94.466067
96.072712
95.578214
94.584434
90.948959
73.429273
88.002482
92.052263
87.945076
83.276514
97.333807
97.489352
97.671472
99.458111
99.105301
99.425487
99.134798
98.918485
98.791275
98.626626
95.507742
83.659256
85.182777
90.961563
86.092237
96.087441
90.542939
80.652226
92.255976
81.621224
94.645696
95.750231
93.335826
95.429027
95.143563
95.371875
100.0
99.882659
98.906645
99.031589
99.04383
97.182498
97.647259
98.262324
98.236169
94.855832
95.372852
92.510049
97.198058
85.745786
87.874884
80.670793
78.56247
98.625514
99.070007
92.286975
97.504015
92.947458
97.103927
91.300473
96.098217
97.191255
92.626244
96.629966
95.568672
94.344427
86.676324
71.485652
86.648857
90.011001
77.816644
80.34393
84.316084
97.145825
95.040002
98.483363
98.681376
98.697352
