78.151681
73.790577
78.760523
80.361617
77.524621
69.072177
74.55143
68.355591
72.936123
65.556866
63.552536
64.425775
66.305346
60.794342
59.816083
74.919615
73.923157
66.124937
72.321522
55.435341
58.184295
53.597012
55.853145
60.726875
67.34794
61.837554
62.168945
70.660496
72.647225
78.492601
77.578018
66.388083
76.856752
77.65878
73.681174
83.470235
77.928244
80.784191
82.250047
55.021104
60.522354
69.879799
63.120954
80.19525
76.203387
79.94958
78.047134
77.902748
77.941932
77.802616
69.272996
67.13655
72.620825
68.035049
74.124036
76.038056
71.011128
74.944019
69.245373
72.89424
77.291831
67.223289
72.380535
79.628544
74.641272
70.35415
63.517798
65.71809
64.778569
66.75704
68.014901
76.203737
77.782306
79.526012
84.45785
84.448691
82.102711
87.807492
84.127719
82.684725
81.431453
81.139174
74.145248
62.26348
61.410903
63.193348
60.776061
75.594651
64.93583
66.289758
66.467254
67.289034
71.705685
77.109677
72.063459
73.28897
73.17791
66.689669
95.583739
94.105811
84.24337
83.179877
83.085102
72.035032
73.272132
76.824189
76.887603
74.471751
69.92072
68.208053
72.978039
59.639327
63.984044
62.114363
68.871963
84.012943
85.5089
69.642527
79.341888
65.110556
78.399164
67.003799
75.684388
79.12471
65.623469
72.899226
74.154409
63.427645
62.49969
55.074089
62.835968
64.586471
60.233683
56.824985
61.104591
75.335252
69.746264
80.195617
80.240003
80.317754
