75.851352
72.258315
78.56053
80.315221
77.028145
67.729572
73.359694
64.4769
70.345308
61.601793
61.050944
61.615335
63.028257
57.178961
57.054034
73.772898
73.035776
64.67037
70.447612
52.931036
54.891747
51.45952
53.214516
57.12101
64.903822
58.158766
60.038603
70.660496
70.217315
76.952668
74.710909
63.802144
74.655135
75.510615
72.990421
82.951491
76.951501
79.433814
81.319756
52.26803
57.053155
65.090202
59.86845
80.038659
76.01133
79.663067
77.640497
77.702055
77.761505
76.646886
65.745791
65.522786
71.146005
64.385168
72.125976
75.160577
69.354704
73.96141
65.737212
70.167989
76.603641
66.461846
70.873158
79.282156
72.543643
68.67428
59.948609
61.595469
60.90419
62.399716
66.224239
74.288763
75.417257
78.197229
83.156817
84.391501
82.0577
87.761559
84.077825
82.660352
81.404468
81.066765
73.325898
58.819516
58.580259
60.443023
57.936632
73.048388
61.938537
62.258732
63.286926
63.377604
69.465529
75.543144
70.558958
71.961157
72.503692
65.929355
95.518869
94.062225
84.226337
83.177612
83.05061
71.735294
73.15954
76.837457
76.860946
72.158077
68.034281
65.444674
72.187019
57.462162
59.988691
58.411945
65.983581
84.001785
85.501767
67.479292
78.757304
63.195106
77.577711
65.363682
74.146419
78.003546
63.1758
72.196134
72.056542
61.387088
57.838508
51.866993
58.155053
60.079691
57.73281
53.454029
57.283231
74.378703
69.471472
80.116079
80.205885
80.262668
