93.700126
85.519824
89.303302
90.165236
88.142414
81.536516
84.213238
84.33043
87.127473
79.968113
75.007
77.860657
77.419224
77.125376
74.315202
87.451098
85.816125
78.577082
86.11692
69.63608
73.441848
64.927967
68.465145
73.909841
75.018473
78.804144
80.452045
85.37446
85.911652
89.030028
86.41371
74.329028
85.836619
88.817673
88.359892
91.792436
89.006066
90.401566
85.002185
64.891008
72.097172
84.813872
75.711614
90.300192
87.814029
90.44435
89.728017
89.441959
89.386744
90.012699
79.994334
85.189644
86.111446
86.093496
85.79399
86.035192
82.759512
84.83712
84.673998
82.948747
88.365749
81.260822
86.001127
88.609563
87.012738
85.739067
77.458365
66.207965
82.634833
64.765865
83.470525
88.717693
89.608894
90.035333
92.523324
93.193098
91.456971
94.627653
92.675187
91.809657
91.055641
90.971485
87.603423
79.032767
79.420476
80.327128
76.182096
88.172696
75.612297
82.729651
81.357341
73.842231
85.797647
87.702317
84.352326
82.995143
85.30975
74.564271
98.729502
97.944106
92.715564
92.550795
92.580661
84.867489
86.148204
88.80023
88.802717
85.366683
82.438516
82.525846
85.134143
72.323813
79.992162
68.791419
83.193363
91.897209
92.936959
82.429197
89.694681
74.328127
89.207912
78.514983
87.95464
89.98579
81.040412
85.501695
87.080658
80.923937
76.959477
78.58365
76.289109
79.330153
71.467112
78.217645
69.164987
88.894786
80.578813
90.768084
90.849981
90.873677
