97.99812
97.623977
97.658644
98.186031
98.574278
98.372533
98.756517
98.850452
98.77639
98.855043
98.760337
98.587927
98.85141
98.997734
98.911854
98.730054
98.647598
98.935512
98.845719
99.031115
98.883129
98.870044
98.868154
98.93235
98.019233
98.824773
98.608527
98.946348
98.955548
98.330396
97.687106
98.272177
98.744464
98.96065
98.953953
98.744252
98.779767
98.292873
98.579615
98.6618
98.678455
98.670981
98.590899
98.64144
98.455078
98.975089
98.602989
98.967721
98.669258
98.929818
98.773913
98.908035
98.999552
99.000823
98.895548
98.273711
97.428043
