52.706179
31.261558
59.144908
39.425632
34.366299
42.56414
43.650998
34.966634
35.837927
40.719475
44.849362
38.711785
11.393834
35.466127
26.342154
27.041564
26.253889
27.139223
32.430592
16.944288
22.614399
55.436319
45.278525
43.343521
50.971683
61.880974
35.910973
42.196909
26.725813
19.188058
35.720272
22.49231
12.318677
11.98573
5.675928
22.442349
30.040737
45.114726
43.309177
49.143452
38.120066
24.585308
25.584813
35.349027
34.644932
9.037422
21.081922
24.475667
33.600321
27.628891
43.509937
23.751171
18.694258
17.064823
14.827897
72.291196
97.428038
