62.50263
46.693737
68.355695
44.477481
46.844235
58.242785
53.902811
43.790052
47.202599
69.159207
53.98706
58.935993
24.369787
36.501679
40.197866
40.079566
40.141828
36.966275
52.952063
27.294895
38.960437
64.172917
69.58066
50.27095
63.370094
57.709351
41.968544
47.367771
35.000955
33.848678
50.62408
33.833695
18.201358
22.130714
16.951014
31.393471
44.535131
58.761406
55.488328
62.592364
53.082835
40.459805
36.544435
52.620671
45.584236
16.351224
34.629348
45.177861
44.119903
38.387802
57.503889
35.66233
29.342796
30.37017
27.346041
74.535556
97.428043
