75.390277
66.455717
78.661019
51.873973
58.895874
70.259035
68.200246
50.39716
57.586849
60.911342
63.498575
54.678709
40.968788
51.871685
53.819739
48.246556
55.916018
50.731136
66.247568
37.425401
52.503334
72.128407
51.231168
58.783914
70.39496
80.765789
67.67453
61.147405
42.162453
50.336555
67.50358
48.380987
31.5278
35.077706
31.126935
40.085135
53.500673
70.469994
63.176778
73.583179
64.656984
53.886126
46.520111
61.906509
54.081413
38.22862
48.833467
51.537053
48.729878
56.058044
67.218999
49.397144
47.435108
46.537179
31.03632
80.164234
97.428043
