83.797197
77.114215
84.788877
56.965972
66.471516
80.157993
80.367281
68.368194
63.37738
87.302909
73.424138
62.015622
55.943517
66.849977
75.421893
72.087894
72.193991
60.96353
62.11213
47.593099
44.552342
77.147029
46.217807
62.240545
72.154377
58.850099
60.406935
80.42207
48.273949
65.434086
79.690331
59.677257
42.199349
47.759246
50.434791
48.88282
66.002451
80.477302
72.954895
78.018482
77.392285
70.494501
68.803913
77.510158
70.08744
52.615256
60.242567
74.737925
53.269884
62.971014
81.467478
64.684301
65.457385
65.084635
45.292021
86.851133
97.428043
