85.725972
79.60568
86.845776
58.997817
67.315582
84.395772
84.466887
71.358591
70.478381
88.54661
66.066777
73.885234
57.780403
64.402655
74.847903
77.967121
80.030894
66.613619
85.572862
54.44994
81.145282
80.775325
56.638687
68.942556
73.9726
87.569547
64.82921
84.450475
52.9133
74.280705
83.693223
65.454398
50.526958
54.551708
64.26807
56.143604
72.215635
85.33607
77.332176
87.718035
84.448338
80.715365
79.889777
83.889928
70.540369
38.399079
76.456706
69.453963
72.650416
68.830967
84.776461
73.904268
77.293701
76.457494
45.41194
86.027675
97.428043
