76.05317
55.818919
71.409316
90.477618
45.93024
90.041396
71.503006
53.231111
65.69055
91.531662
89.28358
92.455726
76.97489
88.358158
91.070064
66.166063
85.210228
93.185304
92.055936
84.71131
81.777897
69.159421
92.166079
67.36205
44.835688
82.329326
53.07769
57.452672
47.586904
52.863303
67.194456
73.093971
61.259528
92.388511
52.789723
59.520291
91.423417
74.064185
48.369581
70.553472
75.121785
78.983726
89.244912
91.350577
64.782399
73.324887
67.628299
60.310843
67.66268
78.870142
72.705514
82.947584
86.184284
76.337412
94.511608
91.871811
95.022974
93.863795
94.404646
91.981959
91.144239
91.440628
91.538749
91.585338
