99.132971
99.148842
99.137099
99.122273
99.055733
99.046063
99.125179
99.152374
99.089372
99.084095
99.065417
98.973803
98.91225
99.14632
99.04442
99.17244
99.114764
99.071903
98.880907
98.555218
99.095399
99.136701
99.083749
99.145115
99.087624
99.044985
99.153768
99.070866
99.169758
99.175978
98.998683
98.822409
99.053605
98.96067
98.932895
99.152499
98.911463
99.019236
98.917386
99.101537
99.153851
99.127545
99.067776
99.119664
99.108351
99.16866
98.955887
99.059876
99.04429
98.745101
99.162129
98.865255
98.947539
99.059444
99.061835
99.084367
99.128209
99.082665
98.758776
97.697705
97.431202
97.429752
97.42941
97.428408
