6.115894
13.448487
13.039078
19.226018
11.731538
22.529598
19.650241
11.763426
13.454858
25.3682
14.976752
30.456415
52.210378
28.714991
18.170666
9.902368
26.513239
33.322183
24.940124
6.435602
10.280718
23.70946
19.8961
15.202631
8.909711
26.698877
6.315774
6.798593
11.980556
9.177637
7.388805
13.692304
8.384146
27.246042
7.478576
14.136888
29.215819
22.972918
12.596478
18.310904
14.332383
16.005314
17.581771
16.177316
17.978142
12.258463
13.411588
8.715842
21.470129
6.545118
7.748048
10.151313
15.705964
14.49858
44.018302
28.74823
38.141598
36.601633
32.369396
32.755754
29.254584
29.913207
30.017521
29.824407
