15.198502
22.567416
28.138569
23.049355
27.304765
35.622739
41.739446
19.447648
22.843686
40.106671
23.926039
42.410188
58.816623
36.129141
46.858384
17.916329
41.254529
49.552627
43.02057
22.609378
18.382516
37.357936
30.360419
28.927159
12.144332
20.144547
12.723742
11.905454
19.360414
17.950961
17.444258
26.358042
22.637922
40.713541
10.906096
22.48997
44.663381
36.343415
19.884438
30.332418
23.626905
32.736162
24.803237
18.848847
17.812993
22.934063
15.455632
28.331503
30.717034
18.663977
15.732353
22.75172
25.902312
22.442281
48.98174
42.934338
48.730613
48.388099
41.843217
52.059926
50.154213
50.64285
50.804997
50.711826
