40.244898
35.899561
41.665003
37.867868
40.259489
65.292728
63.49239
30.125199
35.079697
63.695979
46.21256
65.238445
80.314154
59.784192
61.316549
31.192461
66.803565
79.186463
64.450068
44.757425
40.818231
55.727245
52.106055
46.907484
24.803666
64.623003
26.132309
21.562142
38.629133
38.865534
35.557193
45.893447
34.900553
60.222674
23.479096
36.801051
65.581928
54.53697
31.177299
45.41404
31.703963
57.222458
52.892435
43.993794
28.485728
34.63842
37.418166
43.923455
54.6934
39.712577
34.400148
44.43126
40.727955
28.275694
78.456046
64.740895
75.553252
79.493765
54.334366
70.430243
68.549237
69.068149
69.237038
69.304496
