33.845839
31.960622
36.946634
33.260475
36.827722
58.946999
57.695048
26.8948
31.561177
53.756144
39.268321
58.712117
75.91229
51.814938
53.866253
26.204444
57.427288
71.801034
57.963536
39.272299
34.462408
50.345686
47.496351
39.593495
20.510046
57.011867
21.461756
17.95558
31.54273
31.360049
31.298129
41.075673
31.630106
53.65338
20.019956
32.463349
58.847181
49.604712
29.148444
41.750476
29.159213
48.817378
43.67582
37.603847
24.764787
30.500639
34.455214
38.608834
45.828874
34.839743
29.967667
39.700669
37.050204
25.514508
72.29116
57.316805
69.391633
73.405643
51.865021
70.362308
68.510402
69.03805
69.212357
69.297459
