48.358717
42.180382
51.352255
44.967035
36.264482
61.601079
45.837855
39.269177
39.498527
73.308625
69.371085
72.949682
70.302726
55.591335
67.853176
38.005234
77.48646
85.818648
67.717613
57.27392
54.277501
70.987724
70.520787
50.542026
29.528739
69.450002
34.033438
34.593654
32.043271
50.212985
48.86772
55.697949
38.379774
69.428605
31.461076
44.684987
69.602675
62.993381
37.610868
53.861074
37.325407
67.964234
64.935002
68.866835
33.703699
52.574398
51.83926
58.338079
63.526992
51.177626
48.939153
57.356704
56.417015
58.836429
83.149753
76.73868
83.551014
86.601075
83.474019
79.807181
78.686741
79.271438
79.387014
79.336493
