1119472
1083562
994909
717302
688472
1152606
1093346
1171400
1018220
993831
915571
1026003
1130723
1175483
941498
979872
1077848
1008195
1046011
1207502
931494
1128355
914472
1224521
934566
1025095
1117059
1034394
935370
1138907
947824
1061510
957547
1189839
1081083
1049673
990950
1041116
1066446
1021429
953987
1135185
1078770
1093572
1038696
1190011
935097
959008
1118189
868203
994471
1015859
1104668
1126687
991149
1011686
943283
954786
982938
1006222
935207
1212933
1046625
1089832
893075
963832
1017767
1035378
992850
991764
1140286
1260544
874892
1026247
973101
995873
1036203
1193994
1036802
1085777
945888
1058695
1089257
932184
1096674
1135158
972408
1147847
1028396
949939
1184204
979537
1110531
979256
1039209
944541
1189256
927921
737150
259411
891317
1067184
1121074
643635
