1434994
1380206
1253331
851647
774076
1486660
1401501
1492594
1316306
1257830
1183121
1294552
1444508
1522595
1199544
1243137
1368589
1286028
1368943
1531744
1181841
1402964
1177981
1564419
1221758
1326170
1416201
1322027
1192178
1444734
1255930
1358140
1238422
1529458
1377199
1379567
1282839
1333552
1363030
1285490
1204690
1471016
1367577
1411693
1325911
1510906
1214981
1232942
1435058
1097626
1269494
1298849
1408598
1438759
1284233
1284243
1218161
1231428
1229911
1297368
1196389
1548570
1361568
1402720
1154767
1230934
1288456
1377270
1268499
1254480
1468897
1613174
1140417
1338032
1279376
1259316
1317092
1523650
1325759
1401797
1217769
1354541
1386692
1192827
1430587
1468743
1206041
1450230
1309004
1232199
1519253
1266225
1423244
1235863
1344143
1198844
1520504
1177330
920736
293046
1124813
1396271
1433262
807139
