2055632
2072607
1552173
894486
959010
2098580
1928061
2150731
1988889
1712588
1552422
1722313
1988927
2226180
1797174
1692031
1889713
1817259
1873690
2243346
1595301
1870346
1704793
2168452
1721029
1801186
2067613
1859555
1376512
1977876
2089761
1916775
1732344
2193366
2072868
2021846
1839655
1867136
1849396
1755643
1632458
2004525
1949739
2016533
1757218
2282786
1625395
1728710
1966429
1635562
1872960
1687003
2080450
2115632
1787157
1751358
1759082
1790644
1578387
1497996
1775834
2189629
1957725
1987143
1657895
1719039
1826856
1867102
1833937
1642736
2129105
2279548
1611068
1932397
1889858
1699380
1725334
2200371
1875586
2005387
1657507
1907753
2043349
1589195
2097590
2160510
1743422
2067427
1853118
1752150
2184571
1913617
2012114
1687505
1867770
1663221
2136228
1770773
1169842
417825
1621774
1887355
1828437
1181114
