115762
112167
112227
103088
99398
121475
112144
124982
109126
108881
106464
122298
120821
117915
104448
103872
117782
101869
115495
119627
104967
118559
104381
125197
108515
111122
115243
110389
93995
118437
114891
107313
101858
119777
114347
103867
102389
117374
113805
114100
109780
125863
121343
110505
108450
126953
96957
117677
108969
102524
116506
101869
123057
110808
105528
111495
125076
116717
111390
92614
109477
124209
114124
122484
98137
126448
103767
106711
118325
121884
112872
116827
106525
122650
111081
104422
110841
125877
113504
116605
104640
114396
112803
116242
119888
111171
111026
120105
110588
101616
127450
102752
118076
111115
110920
103207
115361
114288
96173
42877
98825
123064
109282
74667
