177096
177744
174528
152350
144532
187579
179478
196992
188111
161154
169745
183071
197054
186105
162364
165109
189155
153304
173260
195401
163058
182509
159867
195081
175429
173171
180135
177565
145268
186778
180839
169912
159180
185872
183485
166884
164765
178344
179556
178834
167798
192604
192350
176061
169777
197619
155605
186994
166531
158390
178217
157027
182470
174911
168676
173098
198953
181150
171291
142298
163230
194851
177919
189976
150726
197369
162255
171118
180036
182751
187815
193030
162245
188808
159966
158876
175384
193884
174611
176840
166580
182656
178001
181045
188866
173998
171049
190705
169235
153604
194585
161493
188503
167273
171493
156022
184952
170956
143602
59173
151579
199032
174106
117001
