257388
257580
260373
217457
199459
262901
260390
285273
278213
241305
238612
260767
278731
284232
234823
239116
259018
234555
248842
284031
236202
261714
234310
279657
259294
254635
254086
256964
206441
279110
221258
256752
221109
279317
264760
243841
239807
248569
266776
255862
239578
277476
268976
260524
242499
291290
227041
274415
236406
237542
256349
234529
261762
259172
234250
240515
232435
252096
257043
224268
240245
292923
260330
253432
214016
247731
245625
242902
260304
250538
272823
285132
222366
271642
232238
235005
260137
282058
248999
266822
240004
254131
266365
256566
259589
260705
241829
281732
253481
228524
287318
235253
270082
237700
254237
233550
276032
248881
210594
92983
223691
284621
272049
168773
