347232
340794
349056
267656
248665
370102
348812
388282
385230
314687
322235
354553
368610
381726
311548
317076
351414
302040
326176
380815
321703
356676
312555
378793
350087
347004
348351
350637
270612
369201
336389
354418
302165
377154
353100
327360
324080
332045
360776
333110
317487
371269
364473
359945
322656
388510
306925
363079
326344
316288
343999
325656
355974
358604
321930
330409
317337
341674
340445
302149
320543
402582
341513
345543
286733
330517
331448
332812
343510
332309
371556
394462
289621
361792
307950
313400
349538
373765
334177
356899
321189
344108
358033
344547
354032
347123
315726
373663
339168
305746
382260
326408
353359
325422
341132
313346
368509
324211
273548
101806
299915
384351
368185
213597
