805503
780749
776981
490474
440407
867328
815981
873338
857952
747724
717416
772247
859004
872160
702363
745036
780732
710165
769977
895935
718826
818106
691256
882689
798458
829453
828797
781035
651140
834487
754071
788363
732746
874713
818561
788231
738198
758688
835570
762269
712199
808549
840401
806450
775974
893579
684263
778103
792578
742822
755867
773815
791116
832114
767820
752210
697740
727601
730948
745584
758487
905027
788328
810474
688406
721385
768273
804191
753997
715739
857873
932488
667950
761185
738370
690357
797699
881780
773058
817448
766985
760934
830565
726479
834963
818668
717285
862260
760587
712767
883464
736122
839248
746732
805738
722291
856523
714987
556867
156830
671500
813936
958745
433886
