100.0
96.077168
91.314706
86.842267
98.062264
98.753004
98.724362
89.061215
85.460595
95.627465
97.830255
99.621091
99.108113
99.764251
98.132621
99.345159
99.375413
99.269427
98.115548
88.320735
97.521183
95.537066
94.031666
97.139908
92.383709
91.402893
86.633873
84.895067
98.078072
98.944397
92.429879
90.656322
85.728759
99.656073
86.838436
99.153922
98.692311
98.129475
94.887396
97.441152
99.051498
98.619855
99.554589
98.975938
99.172123
93.748194
94.668106
98.537011
97.082823
90.794943
99.79321
98.041184
93.327603
97.496683
94.953618
94.496975
98.767795
89.943733
97.604577
99.843549
97.073243
98.971062
