39.755409
48.563052
24.661279
21.239213
34.330999
36.540067
30.848689
22.386571
26.564302
40.226345
44.286327
23.934375
21.860547
24.356738
22.08024
29.454925
30.47027
32.021756
27.611034
20.319357
25.967323
33.677174
44.259021
72.07536
23.393104
25.045986
21.000738
23.01121
27.370227
32.643452
33.701059
34.993014
33.018333
32.947558
38.408949
32.547595
30.356731
30.890877
21.886578
19.01917
24.980421
21.940775
33.537596
24.451368
26.799867
25.266768
24.357003
21.031952
23.150001
25.958258
42.730095
29.043992
19.558299
27.768404
23.760767
19.504309
39.177682
38.888789
41.059657
41.193613
47.187037
74.876757
