83.198761
82.427959
66.288782
64.717974
78.876812
78.264259
74.168287
68.234984
61.998987
81.795471
82.844023
74.603223
72.526741
71.681256
69.76474
76.444137
75.976964
78.254154
70.62067
57.482909
67.250792
80.131521
70.568275
92.690894
65.031175
67.367214
50.843855
70.995819
72.249446
76.995094
71.501093
73.991539
78.657831
75.527291
73.665487
75.902222
75.661195
74.699178
55.594294
57.266665
71.786653
69.930776
76.789156
71.041797
70.18567
72.339158
66.553987
63.186954
67.454555
67.173479
81.628784
72.103416
65.721278
70.121238
64.536514
60.551962
78.330713
79.344287
79.732724
79.876497
76.629121
90.320308
