83.827533
83.791869
68.898578
67.514393
81.325016
80.020256
76.65631
71.546791
65.075745
83.811028
84.465676
76.649108
74.087223
74.452458
73.18686
78.865938
78.236583
79.710065
74.049898
61.619085
72.126737
82.95407
72.774503
93.711527
68.573101
70.470601
53.076428
73.116944
75.202687
79.476673
73.394177
75.72589
81.320443
78.801143
76.449552
78.791569
77.461776
77.048271
57.832002
59.353169
75.852188
75.02712
79.528196
74.754912
72.473818
75.48211
70.88268
66.945574
72.671842
69.312625
83.237992
76.830593
71.437222
73.906167
67.02566
64.976452
80.497674
81.357859
81.919482
82.115285
79.189933
91.898176
