92.308183
91.438423
78.630648
70.190447
77.39325
89.215651
77.038688
87.352267
74.228788
91.728864
92.819086
84.306797
87.117614
87.655865
79.489902
87.55499
88.585869
89.658821
85.828767
72.927137
83.595206
90.54125
92.16598
93.201074
77.402256
81.511842
82.175264
75.369126
78.893639
89.214546
82.135258
80.977124
90.152322
89.432024
77.265473
88.127072
84.428955
79.843454
80.899913
81.547252
87.096631
86.71226
89.632964
86.766258
87.190048
86.813295
82.158549
84.890181
83.97442
79.061992
91.59412
87.028624
77.280835
80.015108
77.089056
80.801231
86.302608
90.550245
90.343484
91.108385
93.163984
95.105414
