95.874116
86.895427
94.792604
97.494797
99.422582
99.909211
99.307523
99.650737
99.519158
99.684661
99.874362
97.930124
98.479306
99.924573
99.005574
83.58456
93.616332
96.782465
98.260606
78.143842
87.824154
96.822648
99.449439
98.319189
90.711535
96.638348
98.030711
98.033151
87.79851
97.298969
99.012807
99.044226
92.644363
98.527708
97.242683
97.517017
91.383685
90.679283
90.299493
92.610943
93.024953
79.798528
80.59789
92.22329
98.891215
98.593485
85.940875
99.479988
99.919875
86.99944
94.204418
81.300068
90.055397
90.607438
73.35562
98.114624
98.627616
86.13616
84.109196
97.133183
94.694993
