59.785238
23.462574
20.488494
22.527353
20.085047
25.136981
26.115592
26.197784
27.919586
37.95038
76.338254
79.642161
46.566542
30.993259
23.437655
25.750693
31.664183
39.272733
30.320501
22.088431
16.622877
23.618891
22.844882
22.270386
26.778606
25.410879
19.160373
32.573799
29.355745
28.14904
27.017364
33.237409
10.014195
2.938357
12.429848
19.351517
17.685567
28.896926
49.810099
24.445343
13.89759
16.790738
17.125
28.565132
29.781466
26.438166
30.301976
33.92246
31.508214
41.744597
56.203675
66.422585
57.235015
35.238646
31.385867
56.61179
50.497426
60.791539
64.960833
48.453952
46.54933
