68.552114
39.816089
39.222871
42.551353
38.332585
45.069495
47.236517
45.995238
47.896356
60.00606
84.994374
87.060777
63.748974
51.849535
44.453441
40.321737
48.933562
53.657864
49.518662
41.666263
34.286005
43.480127
45.013938
45.303643
46.185566
45.724199
46.746204
50.614984
45.403063
49.115551
43.509284
56.01971
25.286796
12.677502
32.403873
40.805919
35.937775
51.026099
67.827207
44.419445
32.315183
31.21394
31.696144
49.614438
51.409989
47.345036
51.037095
59.208112
32.114127
63.949944
65.207963
70.447036
71.227651
45.23056
42.375098
68.768343
70.119723
75.329476
74.298626
31.639093
57.135128
