80.108423
55.491826
65.988868
69.624947
67.911226
73.358675
74.658394
73.151273
72.000312
84.093174
94.075217
95.045673
83.830648
79.409886
66.593246
63.975256
78.964359
82.629114
77.860276
67.929659
60.252084
69.515475
75.411757
73.897569
69.184712
73.667985
75.158591
73.290469
68.460996
75.32269
77.16033
81.07271
59.855062
55.259965
65.211495
69.609165
62.925936
75.745114
83.441011
71.449453
61.958289
60.765323
54.43677
78.001908
77.884437
75.925134
76.794333
77.831999
68.597548
71.281822
86.639907
85.540981
86.304266
69.413663
56.362222
73.527558
87.171888
89.121218
86.089415
58.536026
74.412292
