86.860383
65.441533
80.63287
82.425579
81.512894
85.977163
86.617827
85.739244
81.871594
95.813685
96.758969
97.845488
91.433753
90.177451
78.058369
82.969845
88.777572
88.470006
88.943201
82.253875
73.027449
80.354214
87.534677
85.73539
80.314986
85.693104
87.399122
84.002278
82.079274
86.342901
74.834362
90.14968
64.883154
55.771344
78.59632
81.587841
74.968811
76.815479
86.975482
82.9212
75.802651
63.8205
64.956677
87.960286
87.609934
86.273914
79.842287
82.696403
91.944956
77.740291
91.863435
90.748653
92.02871
75.751266
63.595454
91.488146
94.18322
81.086884
74.709469
86.312812
83.887898
