91.815627
92.750162
84.889822
88.862352
89.009145
92.848769
92.476139
92.078158
86.385536
97.885672
98.193273
98.557718
94.841809
95.18219
83.900921
88.655098
90.692308
95.674291
94.299453
89.051798
78.984945
85.854201
94.041933
93.425429
92.06519
92.137663
92.824078
94.793008
88.098986
88.56841
82.04436
95.263015
72.131661
66.372849
86.800741
88.651717
80.680987
92.469223
82.259604
89.168316
81.506389
68.608845
86.061193
84.969173
92.405888
92.23567
94.197983
78.881194
96.686346
81.608712
93.479202
90.051449
88.660519
82.785167
67.349702
91.486552
94.409781
82.6029
95.30746
80.784961
90.16478
