95.721135
98.028583
100.0
100.0
99.27871
93.961335
95.979342
84.092189
98.278802
96.098515
95.661191
93.644582
97.68058
93.560953
80.607302
100.0
99.999116
90.360109
99.119791
88.847656
87.184481
73.409296
79.462327
92.163457
84.200616
82.620138
82.79913
98.979076
98.397443
100.0
99.666648
81.41626
96.163251
98.970538
96.36846
100.0
99.418063
98.941245
82.171143
98.174175
77.934314
97.338417
81.457096
100.0
100.0
100.0
100.0
100.0
100.0
99.938261
94.560358
93.765205
99.930818
99.168833
99.397029
97.191634
96.123272
99.143602
98.327753
99.620431
100.0
99.908641
98.943224
99.224202
99.323147
99.248139
97.783773
75.970518
92.883559
98.429531
94.015593
88.25562
100.0
100.0
99.9268
100.0
100.0
99.936882
100.0
100.0
100.0
100.0
98.677032
89.419939
91.425718
97.548671
92.231756
99.931974
97.389448
85.395187
98.457937
86.956074
99.461402
98.500758
98.089542
99.827328
99.704072
96.340065
100.0
100.0
100.0
99.979644
100.0
100.0
100.0
100.0
100.0
98.796743
99.942055
98.48343
100.0
91.843385
94.644524
85.373165
82.017888
99.854041
100.0
97.650801
99.974543
98.155803
99.929142
96.260263
99.403261
99.784191
97.713528
100.0
99.471599
98.212637
93.473672
72.845056
92.384553
96.752469
79.538992
85.855444
88.674026
99.867057
97.78446
100.0
100.0
100.0
