95.752875
98.040832
100.0
100.0
99.280679
94.022809
96.028699
84.487526
98.439493
97.413982
96.55974
94.458081
98.659952
95.92625
81.708631
100.0
100.0
90.521883
99.554077
91.914405
90.798522
75.412991
81.543081
94.3502
84.671845
84.305178
83.231249
99.384768
98.697745
100.0
99.753955
82.126961
96.228221
98.988453
96.413007
100.0
99.602554
99.090357
82.172872
99.02682
78.328605
97.908702
81.899451
100.0
100.0
100.0
100.0
100.0
100.0
99.970262
94.763936
93.845255
100.0
99.248541
99.402919
97.228708
96.16828
99.176283
98.557391
99.637356
100.0
99.915985
98.971896
99.252611
99.679727
99.614111
98.702921
76.665165
93.420708
98.985292
94.252673
88.343303
100.0
100.0
99.971932
100.0
100.0
99.937009
100.0
100.0
100.0
100.0
99.395001
91.005671
92.99879
98.52175
93.443862
99.995539
98.472157
86.125334
99.062421
87.452473
99.683087
98.493257
98.255997
99.862218
99.745387
96.348148
100.0
100.0
100.0
99.979714
100.0
100.0
100.0
100.0
100.0
98.846347
99.945766
99.177098
100.0
93.129554
95.952141
86.852533
82.905252
99.854331
100.0
98.501561
99.977063
98.96503
99.935637
97.587468
99.710141
99.873077
98.431978
100.0
99.699484
98.828205
96.150736
74.402244
93.775013
98.216795
80.286497
88.78068
89.944211
99.950766
97.804067
100.0
100.0
100.0
