59.508408
61.570629
72.437546
73.915419
70.040013
54.141414
61.192481
49.227772
56.455927
45.624299
47.213092
45.038072
46.901238
29.794557
46.967274
62.942984
60.527791
49.212424
59.299974
32.96033
34.025441
30.799453
32.184277
38.403333
51.533492
38.502799
45.896055
57.542871
57.061336
68.609748
66.557185
49.955359
63.477828
66.393376
67.182281
81.058129
70.889522
73.888734
71.755206
40.284291
40.949489
38.032836
54.176929
74.463446
66.572633
74.761161
70.797799
69.953916
67.22451
67.095732
50.036914
55.985469
60.216016
51.815444
62.153122
67.091851
55.549139
63.18256
50.163919
55.06909
69.615612
51.315227
61.283974
74.516366
58.908713
61.58259
43.960905
45.165473
42.903334
43.535928
50.456646
63.054291
63.017114
70.029763
79.291457
79.655855
74.044665
87.736023
81.768417
78.237436
75.416009
74.684858
63.129583
33.496877
39.361806
42.25044
35.992507
63.553995
45.498177
43.347899
48.891533
46.790911
56.120429
67.005172
59.805602
59.474205
61.415224
63.923908
95.803285
93.425509
77.956944
76.715476
73.019355
59.404325
61.167638
66.059436
65.878768
58.655322
52.712967
49.240535
60.885898
37.392367
38.656132
37.617915
51.211801
81.381668
82.478709
58.623139
74.056628
55.162596
70.815788
51.794253
67.314953
73.676663
47.108322
61.187935
60.192402
57.632472
36.687599
36.220872
39.144836
41.322846
41.920833
32.318011
46.941042
62.633782
60.226051
71.519472
71.55711
71.599861
