83.72873
80.721347
87.667595
88.607909
85.516001
74.276368
81.897438
69.32066
77.015365
64.494036
64.445235
65.319242
67.562574
56.686707
57.351024
82.97462
82.274294
67.829255
76.835189
45.965157
50.459244
44.663135
48.834127
55.678113
67.669649
56.636121
59.957624
76.018464
76.800325
85.675872
82.512166
63.935886
83.295729
83.402608
79.431841
91.460635
84.877563
86.968843
89.936874
50.964031
55.83714
68.548503
61.857389
89.560751
85.640456
89.046387
87.312626
87.24874
87.467898
85.078969
71.479909
70.839223
79.553557
69.400984
80.628891
82.081995
76.655015
83.168506
71.93262
78.400543
85.872811
74.412713
79.894154
88.788714
80.505053
76.39687
63.992445
66.575215
63.760542
67.121508
72.612531
83.230836
83.271136
86.748681
90.503001
93.016749
91.073722
95.351044
92.818706
91.620379
90.516208
90.171902
77.27395
58.64311
58.385177
62.440205
57.457286
80.974049
64.657697
65.704239
67.067857
67.946646
77.157867
84.008635
78.364874
80.48537
81.145049
69.710283
100.0
98.917769
92.792691
92.006694
91.54061
81.109305
82.874814
86.515684
86.52469
79.341157
74.949829
70.518127
80.914138
55.791609
61.633114
58.14498
69.745181
92.668688
93.457997
70.946478
88.447985
66.133066
87.298606
67.999377
82.42437
87.05644
67.931505
80.98607
78.651844
62.666245
56.042867
46.764666
58.698004
62.265228
57.007387
48.370861
54.303472
83.549738
75.502136
89.202831
89.30041
89.349123
