77.595261
90.193594
95.118815
95.318592
94.337596
85.166699
92.284133
86.208615
88.57953
76.18091
82.070057
80.250457
83.553129
75.740077
73.762916
93.062461
91.787789
78.589947
89.17961
63.47118
67.715285
58.63872
63.853766
76.074804
74.859361
76.047471
81.534878
88.667102
90.259923
94.413759
93.619215
73.177802
87.375438
92.910508
89.267708
96.984932
93.621419
94.123832
78.142774
68.217394
68.347067
85.932537
76.232229
95.951859
93.823352
95.308208
95.353207
94.598571
95.578782
94.505809
87.929274
82.693059
90.105189
86.144136
91.749358
94.101243
88.924513
92.872152
85.145682
91.262464
94.036774
87.455181
90.29896
94.269249
91.411046
90.267682
79.754371
84.23044
77.386423
72.288503
87.713972
93.486892
94.15199
95.147905
89.029658
98.08192
96.630201
98.929748
97.85042
97.224163
96.730599
96.535032
85.182138
71.192981
74.752994
81.375974
73.993739
92.581317
75.852537
82.98065
82.188898
74.010428
90.219957
93.048658
89.545076
87.751297
91.104194
87.122845
100.0
99.684927
97.803156
97.297411
97.38071
90.745364
92.226232
94.668167
94.634019
87.693248
87.377629
85.852251
91.395789
71.463467
76.824251
75.680052
84.600398
97.350069
97.79281
82.714407
93.907317
75.075207
95.171639
79.015834
92.385783
94.836488
83.311982
91.345256
90.405275
81.885561
75.405093
74.843096
78.069555
81.055938
68.79761
75.090687
64.914674
92.825293
83.24112
96.25506
96.350898
96.34607
