99.032228
92.970509
96.773705
96.842142
95.385157
89.064508
91.456353
93.389711
94.819313
88.413634
82.640967
86.273596
85.027124
85.495341
80.792142
95.619655
94.536481
83.497023
94.302533
72.492195
79.588345
65.827686
71.767068
80.047408
79.197859
86.812889
87.498544
92.78948
93.726191
96.752837
93.709348
76.820285
93.011866
95.812942
96.166221
98.211845
96.165533
97.01705
88.729024
65.555176
73.691503
92.753788
81.769295
97.464106
95.86401
97.568763
97.241055
96.978449
96.956384
97.19817
87.398444
93.565784
94.498196
94.851858
94.132236
96.682363
90.449066
93.401498
93.412253
91.078924
96.108133
90.830675
94.755358
96.394315
95.130663
94.467944
85.713417
68.610463
90.661335
67.201613
91.742841
96.387388
96.873793
97.382888
98.210181
99.220255
98.221802
99.65335
98.954043
98.491051
98.070696
98.030542
94.460012
87.048043
87.872879
89.114436
83.116806
96.014037
81.558349
91.264091
89.160042
79.607117
94.450213
94.904488
92.790502
90.903848
93.91167
76.287888
100.0
99.860603
98.981478
98.891159
98.676889
93.63652
94.626482
96.449614
96.458696
92.731353
91.17331
91.185105
93.898636
76.687199
88.373604
71.476071
91.02508
98.375832
98.732879
88.938844
97.531531
79.078067
97.160784
84.183617
96.026717
97.35654
89.700158
94.140212
94.674128
86.286903
82.930603
86.611547
82.046101
86.924726
74.189446
85.061979
68.908164
96.635257
85.158965
97.822926
97.885747
97.900504
