99.940463
98.297637
99.635163
99.764948
88.161677
86.794459
88.821111
94.210697
92.719054
97.975103
77.382965
97.898793
98.649378
100.0
79.017951
64.654834
98.758995
80.270043
94.000902
98.897473
96.182834
99.881191
99.234334
95.139709
87.271769
80.031567
90.00857
98.963621
87.415106
90.020497
90.050269
98.402256
99.591658
91.594412
99.426442
99.984761
98.698964
70.046108
95.654986
95.767865
92.330549
100.0
97.937938
99.720884
91.581722
92.760768
63.576729
92.363357
99.00983
90.008334
71.127148
91.849821
99.704902
90.027618
99.744648
100.0
100.0
