79.713288
89.032569
86.790073
79.915601
85.15105
65.935042
80.712722
81.121967
82.274703
81.172317
55.383295
80.938982
66.28379
65.570283
62.81617
65.679835
78.976772
66.15468
42.794908
64.496986
42.842979
76.754858
81.9641
77.679097
59.689429
58.980033
47.372516
73.344316
80.520557
80.488862
58.128249
75.255957
84.793275
53.876021
81.961411
84.492181
67.597953
74.452797
64.121972
68.698459
70.541413
63.41105
64.916456
72.815736
42.251135
63.354768
43.003152
59.359454
68.720783
60.307755
42.858484
72.287947
79.768589
66.002745
81.619896
93.649147
100.0
