87.045743
89.549216
83.790109
84.220308
86.659373
65.85394
89.684911
92.400297
86.298559
86.631117
68.929854
89.671061
89.593566
73.518465
77.519358
61.434397
85.806033
89.131138
50.708103
50.019985
49.304854
89.71835
87.368136
75.004772
73.703433
53.899028
74.461772
81.442885
87.090305
87.688748
68.731083
75.354157
91.29678
70.265986
88.226357
91.039
69.231001
76.486492
77.016214
59.311228
74.414432
75.348577
76.617929
82.944022
72.737803
74.733619
79.283452
51.652166
79.820216
71.5102
56.930454
73.407372
87.933226
66.497296
89.100927
95.512434
100.0
