94.149809
92.102739
96.386892
91.148358
88.686467
78.615152
89.315241
96.565292
90.196739
92.048262
73.120681
96.195146
76.077314
84.189067
81.087823
78.299072
92.92173
94.920764
58.225537
56.776732
54.960176
92.567293
91.6434
90.817564
69.06165
59.851934
86.079
91.150691
94.066914
94.840329
69.856235
92.067981
96.401365
77.283517
87.947148
96.58165
89.042577
84.242347
93.219617
87.100282
85.652839
83.387101
84.747046
93.098103
55.235377
84.204702
58.522336
69.010555
90.726682
77.916094
77.296849
74.840655
94.820674
85.041902
95.139022
97.975346
100.0
