98.471554
95.654313
99.317166
99.400903
85.687889
77.453382
99.00254
90.872335
92.508653
97.955001
76.633212
99.614875
98.17592
90.260938
77.811891
65.035899
96.999832
85.405774
86.376197
63.812892
78.995323
98.452845
94.017404
95.936324
85.22167
96.118594
87.732887
93.967051
83.792652
99.508649
73.137351
95.986326
99.368778
89.046197
97.416057
99.265199
95.722297
95.903125
90.296431
88.676078
92.331356
94.911953
90.336935
98.730413
90.517291
90.680229
61.71323
54.823682
96.884124
88.346945
87.057813
95.994904
99.353164
83.352853
98.377512
99.989573
100.0
