100.0
82.17692
99.529663
99.587532
86.170779
89.694842
86.512034
92.223696
82.871348
85.095167
76.125937
99.368862
97.670869
99.770242
93.531915
99.883131
80.64901
99.182588
99.282809
100.0
100.0
97.281304
90.046367
100.0
98.213128
90.158056
99.977075
91.345552
83.935035
90.779558
86.758525
98.949078
82.956219
99.967978
99.964718
98.215285
99.979519
98.514711
90.612663
99.996062
92.334752
93.251672
99.869533
71.923414
99.877009
83.61809
100.0
90.773207
74.685627
100.0
81.051464
98.280834
100.0
100.0
