61.966535
60.578782
71.453526
73.213995
56.518919
61.297464
56.11513
59.533491
62.58485
58.689102
60.710552
58.849455
46.300131
65.807676
71.515028
68.987572
55.014756
64.329045
72.343191
67.78442
81.485131
56.499787
57.346327
61.315818
70.381831
61.873046
69.87945
45.829247
65.385252
65.841676
55.370444
60.541657
57.873995
70.120536
66.533233
72.01694
65.766169
67.230795
70.592688
69.531641
68.552382
61.931619
46.232453
53.957306
58.352294
50.385953
69.217532
63.288863
47.02598
66.493073
49.759534
75.05353
96.226908
100.0
