74.600792
72.130414
83.926134
72.184092
75.106789
76.866181
69.451294
79.845918
76.110815
66.55415
69.862884
70.618377
65.557266
80.654677
82.894208
81.801754
60.823563
82.131205
84.799894
79.986175
90.436124
70.972999
78.857486
74.592511
82.199476
78.061555
78.133843
60.056673
82.100456
68.327899
64.576681
57.528365
84.328732
83.647644
75.489303
81.910917
79.804794
79.154783
82.25652
85.812462
80.290188
75.941749
75.678805
48.811009
76.77732
63.749768
82.469389
76.319072
59.064332
81.116647
57.004783
74.090329
97.660212
100.0
