93.696822
79.424891
93.353923
81.110695
89.351895
90.303313
80.452628
93.104232
78.524915
80.056332
78.575221
90.840458
76.113283
93.745651
87.998205
94.154501
83.181497
92.599207
90.13307
94.738126
97.537671
78.205614
92.016186
82.295809
92.030518
92.406435
95.523833
77.27041
87.960626
80.018754
78.989065
95.201242
93.192524
94.260709
82.323175
92.708305
92.478089
92.61332
93.571182
95.922468
81.583295
80.618841
88.174951
63.74324
91.468495
80.372365
92.471496
88.363379
69.66115
92.561852
84.767968
80.43192
99.205421
100.0
