93.268849
78.222609
92.074372
80.114817
87.662437
87.792223
79.22822
91.139339
77.490139
79.073382
77.205036
89.114736
74.827514
92.201814
86.794074
92.49855
81.079686
90.727738
88.755632
93.243086
97.279988
76.2017
90.075961
80.763971
90.691242
90.44964
94.511191
76.160697
86.032761
78.484815
76.782342
92.576306
91.367275
92.936847
81.144877
90.775038
90.655243
90.769084
92.202296
94.280108
79.908136
78.58488
85.620183
61.103316
89.256971
78.131396
91.166051
86.91818
68.11174
92.123486
82.635737
79.52328
99.151702
100.0
