97.676552
85.224525
96.607677
79.485143
93.639816
94.744394
85.156763
97.350104
87.56471
83.069172
70.067682
79.387191
94.53957
97.582074
97.435287
97.245682
73.926318
96.88016
94.664739
94.467236
99.825587
84.316046
88.06114
86.235396
95.533705
97.425602
98.747268
90.333769
86.806171
78.304764
88.059279
71.690254
82.007802
87.725046
84.74709
89.391743
96.946996
96.068254
96.915786
98.809339
82.439221
89.171814
95.135425
67.86217
96.302021
92.120381
97.946293
86.641508
72.64653
97.574816
63.757532
83.602254
99.860153
100.0
