90.904141
82.633751
98.012067
80.54797
96.559657
88.529405
86.561399
99.191631
82.974468
84.478923
70.988107
97.451141
95.647693
95.876827
99.008686
98.700622
79.720774
94.031607
93.766332
95.881131
99.929689
68.65177
89.550554
99.056802
92.015708
98.585491
92.609273
68.937314
84.685711
70.842211
85.034406
73.184472
60.717705
97.627791
85.933508
97.088627
98.59044
97.7139
98.676633
99.804253
78.029823
96.552277
97.068621
78.113572
98.240271
82.73875
99.55782
88.513416
75.651203
98.876091
80.251078
98.670644
99.997644
100.0
