58.020111
54.035991
66.494971
55.016411
57.517716
61.981493
56.735788
51.071653
63.145759
65.158105
62.777328
65.72079
48.234658
62.862189
63.645409
63.926035
69.843345
59.992073
58.296156
65.339862
62.595529
62.848684
63.763803
72.946319
71.317731
65.541751
63.442338
62.437555
61.745048
53.689104
68.697774
54.034123
59.993962
68.598875
66.324808
62.656006
64.455981
60.333348
56.953994
50.960581
59.591981
58.01633
62.821251
51.388572
49.408078
51.871461
60.016139
58.71185
55.440288
53.634221
65.280977
55.539036
66.933009
52.192987
62.793185
68.228824
58.954098
60.905914
49.543326
62.233817
56.593926
60.265262
52.642774
63.493918
46.64263
53.605608
68.242665
74.613741
76.248372
67.856136
63.465697
66.844925
59.32494
58.237527
63.276968
63.530485
69.076746
61.134875
60.756589
65.25772
64.521645
57.858324
56.779463
58.864652
55.289382
60.603331
58.657746
57.816717
59.369778
62.278678
56.238681
51.358325
62.247045
62.452367
58.450178
51.898921
58.350046
48.239488
53.227521
50.955468
46.889319
45.54752
