73.368842
81.194455
86.888953
82.381328
82.798866
77.928404
76.633566
71.42568
77.117763
72.64884
84.514026
88.172888
86.555189
86.203266
86.617953
86.338868
88.834025
86.101604
81.047757
87.733158
80.38405
85.888253
86.130939
80.942979
89.380148
86.207613
84.672368
86.066478
86.184674
83.744001
85.038438
75.759155
82.560517
88.493011
87.257903
75.292077
87.477087
83.32106
85.824113
66.1821
64.8926
83.994932
83.250925
80.788096
78.314044
83.237015
84.196682
83.929601
84.635846
79.115715
68.314442
73.892265
85.992617
84.03059
85.34122
85.293213
74.632837
84.839209
65.98518
86.21962
79.372289
75.96732
60.381385
67.133044
71.505673
80.596103
88.814349
85.134815
88.705147
87.885821
70.920237
86.58258
76.129325
88.407956
83.586015
86.723895
86.852584
81.997047
84.146524
66.787089
84.662866
71.299269
75.715034
82.442919
76.210731
84.901757
82.285966
84.102014
83.091418
83.748484
74.260429
68.070053
79.825514
81.395791
84.942249
68.370449
82.294865
77.068622
68.773235
79.076704
75.099478
73.704355
