83.356273
88.959451
91.943374
86.739375
89.294395
91.27582
81.025253
71.871027
81.111091
77.896305
89.702701
87.880524
91.117791
90.250231
91.389902
92.036905
93.981603
91.025648
88.095423
82.491251
84.362951
91.160316
92.51215
93.746246
87.5448
91.537743
89.210511
90.714915
81.189422
89.559556
88.978623
89.068778
89.009069
89.640861
84.267711
79.770383
88.225282
92.187058
92.008808
79.291031
69.187662
76.325729
89.737829
78.805851
89.15527
87.294477
89.064243
88.932922
85.340391
82.600734
71.590683
75.829032
85.237625
89.206566
90.614272
88.807711
90.007398
88.879079
75.99278
90.614212
91.761059
88.827346
58.66902
85.662052
88.245257
87.878172
87.405408
95.454924
94.492291
91.736032
81.848129
76.613569
86.124598
92.200351
80.18028
91.43032
91.397483
91.114453
72.261138
76.394587
89.088972
75.599641
84.626307
79.794587
89.996654
91.298406
81.247271
89.212689
88.082902
88.062006
79.136905
72.046207
89.435523
72.932102
89.611443
90.760038
78.592046
85.903313
87.21479
86.606187
84.029653
82.694316
