89.575822
88.865487
93.385863
91.493837
93.019898
93.495043
83.00909
76.964282
91.245011
80.628522
91.452872
87.904428
92.630197
92.790773
93.837696
94.036131
95.184047
92.005696
89.951489
83.961049
85.944502
92.65748
94.199044
87.375771
71.31479
93.596798
90.952601
88.246936
71.470016
88.442585
93.530902
74.390632
81.091642
94.554943
94.225113
81.453509
90.594216
92.163588
93.525811
81.7258
70.670478
79.704517
90.410337
89.637922
75.998948
73.319224
92.202045
92.200442
91.472468
85.360731
71.076563
78.215079
86.586173
89.299337
92.409685
90.334736
92.497448
91.640034
77.204894
92.554882
80.648271
78.344341
67.449389
88.144279
91.505151
92.092572
95.659877
96.870148
92.876756
94.298524
84.263662
77.801454
84.732512
76.848206
85.757425
93.149157
92.909379
92.200191
91.57994
83.355689
92.844424
84.692231
76.306455
81.411541
87.016954
93.61508
83.526424
91.757385
91.446904
90.786498
80.842929
83.25086
92.2631
74.700771
92.420863
77.137114
91.410852
88.216955
77.769832
90.571226
86.422233
85.151669
