92.774671
92.483412
91.845958
90.074397
89.756093
89.613577
89.635068
89.303872
88.970994
89.776327
90.642015
89.984072
90.100039
90.02542
91.916914
91.850813
89.758014
88.532754
86.977698
90.799306
86.831259
91.821998
91.68589
88.857935
90.887296
88.923637
89.167106
91.986872
87.731537
89.402693
89.48923
89.842045
89.959913
90.133127
90.89499
90.3579
92.071681
89.045002
88.562451
85.814834
91.542772
87.508512
89.39759
91.788209
88.752844
90.170632
91.42295
88.485409
87.156834
90.334262
88.721218
89.51595
88.841
89.499196
90.292432
90.049466
89.912613
87.420513
91.909622
91.70721
88.111746
89.502881
91.34575
90.434006
88.39562
89.344148
87.413898
86.216752
90.078085
89.511194
89.157222
90.023677
90.356998
91.34572
82.116224
85.889244
89.87126
89.819721
90.441183
89.866029
88.95638
89.13862
90.147688
89.524645
75.440484
88.107424
91.434164
86.147961
88.635236
89.982874
84.673018
89.437596
89.183973
88.573534
88.389145
90.653012
85.889051
93.251763
90.952859
