98.553081
97.98611
97.494204
97.448566
97.44434
97.432709
97.430844
97.507533
97.525813
97.515725
97.568844
97.480745
97.571917
97.566617
97.719936
97.651767
97.641496
97.569603
97.568147
97.571206
97.518846
97.454034
97.465957
97.523083
97.440042
97.60065
97.871256
97.923728
97.932671
97.783448
97.482201
97.444161
97.43799
97.438501
97.505166
97.468093
97.516581
97.540626
97.47207
97.469117
97.515314
97.662546
97.643121
97.578052
97.606184
97.433776
97.431235
97.466545
97.481858
97.434712
97.667229
97.454634
97.448437
97.608645
97.547526
97.439342
97.463221
97.690147
97.579889
97.507518
97.721049
97.715223
97.599563
97.606916
97.685307
97.52668
97.576124
97.667576
97.627965
97.687167
97.458893
97.435971
97.437223
97.508713
97.794493
97.737163
97.438378
97.54407
97.43951
97.459271
97.437394
97.489161
97.443081
97.525977
98.234347
98.063329
98.008695
98.043603
98.204598
98.159393
97.721419
97.618621
97.500107
97.500757
97.567537
97.579444
97.532648
97.574054
97.534617
