45.745318
37.97089
13.705265
10.804688
11.14118
10.969329
11.503198
7.586969
9.633632
15.681847
13.959838
14.505027
11.254638
14.293855
17.260877
17.756267
12.239496
9.072527
4.511177
14.478827
10.190932
17.237412
17.616858
13.720206
14.508375
13.850635
15.80997
15.71377
18.286114
14.658736
10.151351
11.013332
11.823449
11.711842
16.238318
18.311528
18.356182
13.955643
9.791898
14.195543
16.13842
15.198322
17.030665
16.85584
11.479156
8.372595
11.43192
7.58604
8.827776
11.135264
7.083366
11.042336
12.529069
12.667059
13.081654
11.964557
12.805189
17.610126
17.897898
15.813531
15.740109
16.024011
15.80092
17.259593
15.318168
9.835537
14.646704
12.581258
17.05968
12.882403
10.225276
10.432569
11.189379
17.381256
12.637799
12.604285
10.425294
9.486445
11.347809
12.087351
11.33715
13.237323
13.851831
13.200412
8.858291
9.809879
13.599688
12.842149
9.455832
8.622146
10.741405
11.72566
9.878492
6.968807
13.85081
18.120078
7.629177
46.623488
20.844838
