74.722116
63.029518
58.647593
52.684618
51.683446
51.490747
51.511522
50.989151
52.15958
57.375589
55.033691
54.940896
56.236881
56.196205
57.993682
59.939201
56.477019
54.222213
48.739738
59.294621
53.296749
59.897895
60.050623
56.623112
56.200094
57.072232
58.691284
56.443772
58.8521
54.735147
50.602895
53.04236
52.956731
54.962457
57.470192
58.896678
60.522435
53.997924
53.053295
57.266515
56.94303
58.886024
60.810161
60.446145
53.589861
52.19279
55.689509
48.179839
51.242944
55.550191
53.34211
52.842551
53.058404
53.733566
54.709377
53.023288
52.875681
58.01036
60.128634
59.289033
56.477592
58.861973
59.85926
59.759247
57.469823
51.177999
50.718204
55.332727
57.814441
54.911531
51.295491
52.172539
52.871433
59.507461
55.815406
52.294272
51.145439
53.099992
53.159978
55.130111
53.870437
54.212781
54.028294
56.033497
43.674501
52.049514
58.260411
53.886953
51.033935
50.756213
53.300163
53.86731
52.169109
49.703746
56.537213
58.254321
48.006317
74.252793
60.107367
