71.584055
61.865639
58.280579
52.282985
51.461383
51.286675
51.296391
48.86973
50.259746
55.572262
53.815085
54.338919
54.356722
55.545984
57.583003
59.563314
54.692203
50.049252
41.374556
56.833171
51.037986
59.563801
59.792988
54.878956
55.789728
55.313857
58.072845
55.937214
58.210705
54.187516
49.734839
51.990865
52.04684
54.127843
56.940009
58.552986
60.239769
52.765244
52.2284
56.602288
56.186787
57.771217
59.480059
59.175478
52.224712
51.818519
55.404385
45.26705
48.193038
54.28705
50.050818
51.861729
51.934295
51.845789
52.935841
52.247791
51.978019
56.987124
59.480451
58.375119
55.324023
57.764025
58.388553
58.990501
56.246725
49.89724
49.208156
52.265538
55.20932
51.241764
50.86416
51.354535
52.421431
58.649592
52.824023
49.265877
50.824666
51.857017
52.790403
53.777321
53.384267
52.19408
53.238487
54.514947
40.903732
48.421951
55.67996
50.335858
46.122923
46.66739
50.463214
51.066128
49.785651
46.455925
55.273364
57.323404
44.472522
73.772182
58.940521
