75.570461
77.259989
73.08913
68.181125
67.296259
67.226229
66.9484
66.930294
67.080624
71.419696
71.11197
69.745048
70.600097
71.252705
72.445479
74.809175
71.725535
68.982792
64.023963
73.887568
68.754674
74.471097
74.263859
69.232394
71.566573
72.114831
75.201681
70.803973
72.286677
70.187482
66.524002
68.286653
68.391277
68.567209
72.05176
73.713088
75.057505
70.725418
69.391655
67.377095
74.490844
70.363281
74.570224
74.799145
68.626726
68.394414
71.619561
65.226649
66.609362
70.301159
68.503498
68.280616
66.336934
69.515572
70.102118
68.517907
68.714707
71.366174
74.567253
74.222156
70.637379
73.810583
74.480741
75.838405
74.154678
69.205017
64.065104
67.029824
72.146206
70.240664
66.648617
67.805017
69.567136
72.692295
63.318099
67.82173
67.723895
69.149075
68.566278
70.096679
69.391254
69.042131
69.105132
71.451378
60.892493
66.183699
70.706845
67.397214
67.390064
64.946805
67.742925
67.111844
67.71449
65.682915
72.280835
72.584779
65.177894
82.707476
71.404481
