98.774547
99.516887
99.020232
99.99282
95.55189
79.945938
93.024697
93.230248
89.557854
69.119582
83.123668
76.403348
85.081026
87.411769
93.428127
93.04624
92.771187
92.635872
92.430003
93.10797
93.03952
86.502549
89.683614
86.039576
89.230725
86.440731
88.278203
90.893065
87.359826
91.896678
78.566863
79.069589
91.881214
92.67807
87.929915
90.569988
88.304442
92.958881
74.733462
84.968482
88.482694
80.46664
86.920885
90.821586
85.07202
75.92099
91.009225
89.252778
81.786147
85.427514
89.404752
84.793543
90.897757
82.337701
77.923304
84.876679
83.303234
91.33634
88.186707
77.108347
84.710567
89.970184
69.953749
77.020521
92.025973
92.295237
85.629907
92.71982
93.944295
94.1356
92.895985
90.70329
90.792178
89.049635
96.814592
97.968002
98.571269
98.103479
98.760586
98.3551
100.0
94.033617
97.564869
98.44367
97.206356
85.190855
92.786283
96.030457
91.356954
94.209375
82.567416
95.185566
92.331742
89.021689
94.139657
93.655677
93.386938
92.11524
93.803991
92.946952
93.682347
93.189862
90.675242
93.287163
87.370653
91.799254
86.712278
83.611788
72.402836
94.529578
93.363169
99.108629
