99.206644
99.691657
99.216474
100.0
95.818953
80.297562
93.63154
94.072392
91.09472
70.358367
84.065968
77.206909
86.397879
88.101432
94.471345
93.704364
93.395376
93.285222
92.547287
93.226712
93.324579
87.429918
90.734009
87.709391
90.330813
88.702655
90.105807
92.427283
88.507546
92.40926
79.364008
79.920535
92.856312
93.444487
88.575738
91.347975
89.283079
93.614843
75.841355
87.677099
90.111541
82.498604
89.535148
92.070555
85.942085
76.584307
91.89813
91.160557
83.455306
86.963515
90.352716
85.067804
91.380088
82.831316
78.806078
86.372211
84.317678
92.612559
88.938734
80.263695
86.934978
91.871697
70.553893
77.541814
92.43893
92.79647
85.962763
92.847039
94.166099
94.402796
93.475734
92.114499
92.295838
89.5708
97.414003
98.216732
98.571269
98.300674
98.901408
98.493483
100.0
95.172505
97.805043
98.54586
97.418415
85.468989
93.371838
97.021261
93.238368
95.532353
83.983814
96.162145
93.224947
90.350464
94.405068
93.994409
94.023279
92.721645
94.348936
93.787075
94.028418
93.635958
92.014344
93.855279
89.732046
92.890091
87.357179
84.786462
74.420124
95.163486
93.617193
99.343847
