88.385301
87.348276
96.455714
82.49501
75.395753
70.420347
54.255376
44.482604
38.389985
39.892017
41.368599
44.352985
34.688533
37.865649
53.783028
59.303679
48.458746
41.307747
45.830247
47.402524
48.352371
44.864735
45.223128
47.267619
40.207067
43.383019
43.207157
47.286465
41.543171
52.399467
49.646576
37.809094
42.910339
39.94628
42.553122
36.190963
47.984637
55.243006
44.59369
45.014849
40.009438
41.728396
44.383367
40.543523
40.075868
45.917275
50.827094
47.401601
39.200936
38.012154
40.617506
46.203809
56.436911
53.450505
42.876551
50.542898
49.609293
52.768676
38.031029
44.306967
31.856144
44.488872
47.066322
56.537323
49.954985
39.611533
44.781763
47.132203
49.870068
53.852473
51.566282
46.877941
47.725867
25.72281
53.933692
80.728568
80.714248
81.111087
81.956302
74.537365
100.0
66.996688
54.74807
69.115874
59.835457
66.987085
62.026222
53.195028
52.091162
55.850868
60.66667
61.114533
51.998067
43.490461
52.139877
54.775087
48.693658
49.238919
48.834113
41.519047
53.938137
47.24985
39.929251
46.988134
41.272405
42.247563
40.03462
37.082384
37.615092
69.423055
64.956421
81.888874
