92.514724
92.929993
97.169203
91.90138
85.522165
81.395684
68.322365
59.563847
57.313238
46.567848
52.02529
54.31047
51.209031
55.16035
66.985737
71.376121
60.877555
52.371259
64.021892
65.220605
65.100595
59.296284
58.420516
61.382104
59.907319
56.576453
58.29457
61.642664
58.969448
67.469768
57.030624
57.326699
60.263432
61.689417
60.314895
67.708169
62.199207
69.627227
61.49149
50.921367
59.546453
52.172346
51.683214
63.062569
50.653753
55.581434
62.031481
59.272997
55.003221
55.473805
56.117778
62.537947
66.475202
61.119094
64.998616
63.370375
48.614045
54.759925
55.813599
52.043565
46.648657
52.871749
54.690135
62.987724
65.426431
59.966856
61.624953
64.187624
63.638728
69.383984
67.683813
62.108642
59.649308
58.573213
70.420799
88.274932
87.905856
88.899963
89.061225
84.622009
100.0
76.901692
74.231295
82.41192
76.156364
68.188013
76.044504
63.035862
50.132416
64.346509
70.296116
73.738309
64.612423
58.859212
68.38991
67.667421
64.968836
62.819197
64.524019
63.169131
69.981783
60.90857
56.421216
64.295865
56.103804
59.16745
56.476963
53.030282
54.799221
81.373716
76.830887
89.435619
