94.199694
93.257003
97.467914
91.972455
85.522165
83.079488
69.892395
61.003212
61.052485
48.397351
53.405696
55.67618
53.095938
56.827085
69.706653
73.397648
62.383867
53.185749
64.722262
65.647895
65.68603
60.816775
60.356436
64.891895
62.728753
60.414369
61.697076
65.448672
62.331988
68.802578
59.398632
60.013674
62.960577
63.727238
62.33032
69.443964
65.246843
71.163514
64.988584
54.901245
63.576829
56.319763
56.679135
63.062569
51.977218
57.343545
62.031481
63.136426
58.273266
58.813545
58.041491
63.648083
67.461924
63.391265
67.90898
67.465185
50.281135
57.173913
57.355788
56.969648
49.495498
55.57178
56.842769
65.460577
66.566752
61.288189
63.036139
64.496017
64.172239
70.217087
69.322477
65.282295
62.743723
59.866792
72.107551
88.812416
88.299012
89.302648
89.46844
85.207525
100.0
79.789708
74.749046
82.683825
76.787317
68.868691
77.581879
65.553195
53.110345
66.890208
74.674975
76.378814
66.641665
61.621717
69.087927
68.233993
66.848506
64.023235
66.422664
65.293935
71.023084
62.676284
59.162136
65.873394
60.27637
59.16745
58.057749
55.637253
60.140395
83.462532
77.994621
90.5361
