96.042502
96.899704
97.838255
96.449141
89.119818
88.758589
78.427855
75.41928
60.165111
55.206947
64.061686
65.349468
57.858884
66.218898
62.32792
80.200251
76.911548
65.431174
75.331683
76.644935
77.026678
70.509242
68.023115
74.141062
72.019226
69.780683
66.337411
75.219524
73.38599
77.487049
66.149957
74.112529
75.556457
75.913468
69.313698
77.575841
73.993536
79.661058
61.678633
68.694075
73.361992
61.415514
69.77115
53.827165
67.945501
68.826668
76.698961
72.96825
68.864368
64.120223
68.622094
69.247542
79.914816
68.506091
66.573082
67.889732
74.255321
72.193357
68.480606
60.213201
62.32951
70.244115
71.101507
74.940731
75.615999
72.9324
74.396427
76.401258
76.389893
80.530299
78.030324
75.2596
75.349944
74.425228
84.526072
93.060069
93.187868
93.31556
93.29256
88.514411
100.0
78.802266
84.949393
89.567491
85.420547
78.482516
85.179664
79.272172
62.29684
71.545898
82.224256
84.103176
76.48341
71.387713
78.393338
77.392096
76.922742
72.830413
77.097335
74.306351
80.050969
73.720045
71.241368
76.599412
68.727056
73.482781
72.481886
67.039544
69.558229
81.984149
82.019207
94.425181
