97.734123
97.035657
98.741004
97.443666
94.072262
91.646783
81.116252
80.039411
77.363107
59.820049
73.333391
73.724772
70.051226
73.912854
84.201449
83.03488
81.063656
68.642648
78.690202
79.18253
80.082759
74.92115
74.02085
79.827079
67.932469
76.753502
71.845571
81.33024
80.134471
81.030305
57.488676
79.467404
64.229191
80.423577
80.35418
82.146763
80.159546
83.442308
70.071956
76.810036
79.70196
76.203592
62.683054
77.477751
65.63962
70.51877
76.328294
79.593204
74.578741
74.052631
70.891385
68.581808
72.132927
73.824563
63.121328
76.801782
79.154889
66.243838
72.968129
75.477461
62.465787
76.576224
68.330723
84.750389
79.208214
72.679988
78.200897
79.550481
81.354818
80.530299
82.389125
61.734811
79.79547
78.381705
84.400001
94.661737
94.766349
95.020026
94.770076
88.038189
100.0
88.779013
87.670376
91.57269
88.398183
87.587889
88.780303
83.633747
54.194437
84.78459
88.654857
78.689921
70.431068
77.561635
81.59377
80.632098
81.127806
76.336118
81.557838
80.567582
83.150002
76.989243
77.345655
80.571456
58.17971
79.443218
78.070286
72.594927
73.290216
90.455487
83.930583
96.278999
