96.594402
96.08816
95.510549
96.372705
96.417703
94.07956
93.499672
93.512595
93.929779
96.363369
96.176809
96.343532
95.947467
96.921155
95.14025
96.760024
93.992887
96.225237
93.362039
96.078507
92.689773
95.366527
94.717856
96.602488
95.531523
95.586345
95.244516
93.22395
96.916776
97.51489
96.76208
97.07435
97.021011
96.360897
97.195663
97.166904
95.359473
97.270537
95.226443
97.303103
96.86667
97.254006
95.808
94.753519
94.867309
94.320441
97.266689
94.822757
97.210328
94.591603
95.357983
97.748892
