96.982161
96.401034
95.847866
96.465133
96.490506
94.201388
93.544845
93.535034
94.030391
96.699908
96.468652
96.671326
96.161821
97.089096
95.361867
97.116958
94.140888
96.518153
93.623593
96.28728
93.072756
95.662788
94.97911
97.024176
95.75393
95.794566
95.534947
93.479867
97.178086
97.662617
97.105102
97.29891
97.289711
96.581782
97.386476
97.407037
95.5149
97.488975
95.366704
97.59264
97.193777
97.443241
96.011925
94.888218
95.099441
94.610986
97.459606
94.949494
97.385937
94.739929
95.525457
97.926484
