43.034077
42.843597
40.208851
34.784
34.853407
25.964492
25.146229
25.081808
27.700375
40.831681
44.469122
44.701623
43.184911
42.356759
41.768106
43.853238
46.136774
45.219727
46.645939
44.380586
41.448631
40.203152
43.069614
42.761209
44.849299
45.230237
45.002545
44.902728
45.746668
47.463499
45.785001
46.512307
46.635959
46.263123
47.199729
46.086392
46.765923
46.182576
46.16231
46.898871
45.955084
46.591162
47.03395
46.792721
44.203376
44.299048
44.616279
45.768858
45.901274
45.200197
45.91211
51.502878
