55.527356
56.37548
54.478367
48.555978
48.603779
36.320836
36.60048
36.581747
39.110815
56.942519
57.969619
57.925165
57.191584
56.245632
55.502039
57.985272
59.29807
58.384915
59.899141
57.845017
54.713614
53.728947
56.295683
57.246969
58.141085
57.904564
57.752211
58.206727
58.272837
61.084318
59.419466
59.373701
58.733158
59.940963
60.44691
59.891962
60.241958
58.948278
59.490599
59.853249
59.536552
60.261786
60.548152
59.561826
58.71946
57.906846
57.168883
58.41586
59.166008
58.553055
58.956686
64.354776
