74.258887
73.359791
72.944334
69.205083
69.264182
58.624065
56.05326
55.985739
58.253783
73.971703
74.180593
73.95761
74.457797
74.100932
72.96887
74.558745
76.600174
74.292799
76.089027
74.83565
70.934955
71.458154
73.372616
74.227699
74.662061
74.467097
74.568631
72.855924
75.581023
77.42472
75.95403
75.581908
73.686659
75.902611
76.761259
76.498232
76.873197
76.655084
75.926974
76.719168
75.741307
76.616167
75.998542
74.521471
74.797648
74.0102
75.194979
76.623923
76.465327
75.020823
75.428084
79.769937
