75.362128
74.465629
73.453586
69.377272
69.385543
59.011008
56.091923
56.028328
58.55
75.003614
75.127583
75.009766
75.027122
74.595721
73.692616
75.595624
77.228799
75.146077
77.077362
75.578743
72.186402
72.448995
74.176558
75.31277
75.542779
75.138089
75.45564
73.677187
76.31861
78.033481
76.609939
76.105038
74.261473
76.62123
77.324825
77.068967
77.482601
77.358908
76.287349
77.359362
76.777521
77.256274
76.565506
74.997182
75.381019
75.233766
75.857394
77.128948
76.918344
75.408248
75.869762
80.38488
