83.437568
83.863094
83.310619
81.105989
81.174003
71.702383
70.304355
70.202297
72.103906
83.188438
84.117516
83.680861
84.339492
84.479783
83.443277
85.082258
83.980931
84.139681
85.310153
84.489214
80.478427
82.495003
83.76613
84.295854
84.371934
84.043962
83.386087
82.119078
83.013148
86.603971
85.498766
84.786497
85.750883
85.376173
85.793125
83.24096
85.772853
86.142169
84.936838
83.019782
85.622026
84.657625
83.79834
84.091327
85.53758
81.764617
82.0493
86.094384
86.180324
83.891519
84.574776
87.826822
