84.174106
87.528499
86.485598
84.609692
84.680563
76.682523
74.309519
74.168518
76.037264
87.38642
86.902951
87.373061
87.241168
87.426537
86.775324
88.140736
88.675123
87.496337
88.6199
87.655561
83.677295
85.772542
86.836376
87.578235
87.299225
86.886724
86.271641
87.743619
87.784397
89.259063
88.527054
87.568269
86.947043
88.083343
88.855696
85.760533
88.144563
88.970359
86.715559
86.733051
87.946062
87.619241
86.602495
86.657427
88.291331
84.898447
87.369166
86.703954
87.200097
86.480783
87.188128
90.425971
