96.474409
95.966296
95.883704
97.313612
91.193082
72.397409
89.554223
89.98064
85.711906
55.387717
75.573082
66.125641
78.572137
82.119037
89.7898
88.798655
88.934648
88.944782
87.965535
88.914474
88.774461
79.963215
84.979186
79.550859
83.777866
79.941032
82.826213
86.674092
81.300932
87.418466
70.686333
69.231978
88.220862
88.861605
81.855597
85.96095
82.08126
88.68941
62.418163
75.287368
82.749013
69.720678
81.033692
86.503708
78.718804
66.94398
86.536844
84.009884
71.844023
78.22759
83.916537
77.402867
85.566814
75.066612
69.548984
79.05401
76.314188
87.37228
83.121987
64.516913
75.672058
84.575288
58.610327
67.976774
87.459535
88.09292
78.473874
88.183906
90.019325
89.995271
88.974331
86.885218
86.876952
83.122219
93.87991
94.252077
95.047536
94.396567
95.186772
94.915511
90.96274
90.742755
94.170614
94.83972
93.708829
77.728579
88.26405
93.47526
87.94286
91.275891
74.804604
92.275389
88.264568
83.64097
89.947251
89.708527
89.43494
87.692774
90.095512
89.248113
89.334568
88.833332
85.85319
88.987892
81.427959
87.048922
78.884922
76.57714
61.447929
91.349841
88.481087
96.840087
