99.081907
97.550314
97.858197
97.673114
97.948857
99.55818
99.128149
99.342509
99.788407
99.723588
99.761506
99.758209
99.684338
99.303826
98.472738
98.159135
98.748088
99.110089
97.492701
97.501845
97.459457
98.071417
98.853753
99.155129
99.353709
99.693301
99.270199
99.203783
99.101649
98.090813
98.913047
99.379403
99.492735
98.890014
98.816773
98.83967
98.372112
97.818945
98.912322
98.929852
98.820597
99.498327
99.621889
98.975798
98.388428
98.652633
98.679972
99.017453
98.848276
99.736958
98.682114
98.246928
98.111379
98.504782
98.887719
99.335552
99.042893
99.094987
98.927715
99.51929
99.485129
99.633066
99.395762
99.525867
98.209647
98.600226
98.484457
97.525304
97.904221
97.659455
98.753431
99.519085
99.424921
98.828397
98.832551
97.495288
97.552599
97.558884
97.451401
97.847843
97.630374
99.302996
97.795112
97.452423
98.013917
98.215814
98.871621
99.164334
99.638893
99.192042
99.231255
99.335803
98.475955
98.545516
97.523528
97.91286
98.142359
98.206801
98.361858
98.792626
97.757459
98.019686
98.664421
97.868868
99.144227
98.202452
98.582686
98.616474
97.627042
98.559642
98.099152
98.522171
