72.847563
73.39786
91.230701
63.854282
51.81141
34.98788
24.365948
8.551255
6.140026
7.24537
6.765087
8.852151
1.81593
6.941056
21.678373
31.685625
16.338345
5.485477
10.640027
12.109709
13.262526
10.866227
18.772711
12.142215
5.31728
2.709662
3.894228
13.598182
5.179414
22.438923
16.091092
9.354796
6.968937
6.61448
5.765394
27.247081
15.438351
21.009501
8.386399
7.099208
9.619925
5.015803
5.090804
22.818571
7.090142
14.801753
17.092164
12.323333
5.011909
2.031512
6.348339
18.318902
28.775677
18.724859
16.778059
16.527619
12.806017
21.886768
3.685814
7.77052
5.740118
6.703298
10.499213
21.159605
20.368682
5.355272
12.907277
15.431187
18.001906
22.052421
19.321962
12.808896
10.783418
3.784819
21.252969
62.670066
63.706329
64.513378
65.102906
52.634127
51.197707
38.079189
24.879093
46.840924
32.073582
44.691205
33.59458
20.095597
25.653275
32.63383
30.574651
31.995532
21.439597
9.632825
23.418901
25.59741
17.058556
17.82196
14.706858
11.331553
22.895156
13.525235
3.326472
13.518646
9.019392
7.320911
5.273435
1.946626
3.535305
44.233801
36.550442
65.539244
