82.637896
80.736775
92.633306
74.834359
66.113996
60.316042
39.549784
26.12295
17.880709
17.556647
21.885724
24.419071
14.151357
20.172613
37.435409
44.700644
31.96813
22.710368
27.19001
29.57723
30.683955
25.512949
25.857722
26.90322
18.937644
21.11468
21.559411
27.306593
20.341968
35.480605
30.856677
16.629531
22.987949
19.646987
23.317143
20.383282
28.740085
38.053178
21.702758
19.5763
19.690904
16.708618
20.709044
25.355035
21.389319
27.397705
33.070353
26.556506
15.320909
15.468166
20.116283
28.250078
40.953029
36.598243
24.519093
31.671958
31.93945
36.798275
18.36387
18.015212
15.641575
20.777691
29.284744
41.555365
34.341664
21.233524
26.874318
30.626599
33.661161
38.329314
35.261807
28.847337
30.183514
16.310546
38.437539
72.446593
72.357984
72.964231
74.113227
64.844846
61.989869
54.851473
39.800288
58.43271
46.018009
54.872406
48.91373
36.703895
35.089276
39.172621
45.783761
48.125456
36.353749
23.805226
35.992783
39.006539
30.562159
31.211004
30.67809
21.167621
38.036829
29.481159
17.991925
28.929231
19.314199
21.553083
18.80268
15.130775
15.179012
58.317137
51.775299
74.53145
