88.018587
87.723382
93.543393
86.768812
79.082277
74.499087
57.64059
44.946484
42.129543
25.895299
34.705973
36.787754
34.496336
41.626164
54.569133
60.796943
47.212736
35.081814
51.175418
52.96908
52.537912
44.226397
43.050972
45.574318
44.631127
38.29434
41.254449
46.201007
42.842571
55.212765
41.233303
41.641342
45.414658
47.458186
45.785024
56.985579
46.758696
57.555792
44.070626
28.149852
42.771418
29.934244
30.78251
51.647089
34.901041
40.055536
48.350682
42.30347
35.421177
37.617789
40.015454
49.642118
53.777398
47.081404
51.661315
48.823084
31.787205
40.489072
40.684553
28.227321
22.511902
31.5501
39.580981
49.528921
53.897721
46.786402
48.640329
52.467049
51.224586
58.505074
56.250327
48.587179
45.356009
44.355692
59.600754
82.249359
81.703302
83.066826
83.305012
77.808473
74.394821
68.092686
64.61761
75.034633
66.940472
55.845245
67.027835
48.37346
32.803443
50.349683
58.81594
64.365141
52.513927
43.815839
57.388847
56.364412
52.08781
49.133052
51.375763
49.649693
59.035995
46.691447
39.102446
51.374482
38.16521
43.482015
39.350871
35.396891
35.845768
73.97226
67.211864
84.644374
