90.312718
88.131994
93.916735
86.862092
80.133575
76.839567
59.87906
47.149375
47.672381
28.712185
36.909398
39.024539
37.453024
44.002224
58.613153
63.667456
49.405076
36.304761
52.298672
53.659097
53.497133
46.73083
46.013672
50.968833
48.977053
44.215426
46.491417
51.981778
47.982367
57.254347
44.677623
45.668321
49.573397
50.596758
48.886348
59.353442
51.244877
59.882737
49.403895
33.914358
48.598155
36.114547
38.012379
55.349217
36.839371
42.657667
51.200143
48.061748
40.480627
42.840329
43.051729
51.263891
55.219126
50.43595
55.892592
54.855228
34.123174
43.799643
43.012737
35.433377
26.561067
35.708812
42.748146
53.161682
55.573177
48.859707
50.816584
52.941491
52.037547
59.732605
58.714211
53.304037
49.855131
46.415247
62.063619
82.958068
82.220557
83.60107
83.822895
78.604536
75.193744
72.148345
65.35919
75.39109
67.83392
56.752799
69.247006
52.130742
36.905735
53.922101
65.084708
68.028511
55.41947
48.016131
58.422704
57.216987
54.994833
50.935456
54.381589
52.998581
60.577717
49.376996
43.545867
53.850809
44.425615
47.462147
41.878034
39.537237
43.392204
76.810984
68.787735
86.136082
