92.768651
92.693864
94.392188
92.514683
83.288675
84.14304
70.952258
66.548621
46.110449
37.55964
50.559649
51.957883
42.60691
55.459232
49.693604
72.574172
68.741278
52.074738
66.112505
68.051388
68.515293
59.203066
56.041755
63.606845
61.015747
56.717027
52.983409
65.29434
62.80974
68.811532
53.88642
64.900625
66.529401
66.808171
56.958372
69.657607
62.963266
71.34344
45.453709
52.343146
61.885887
42.9372
56.14831
41.517276
56.924205
58.001097
67.867567
61.658405
54.811488
48.505183
56.78
57.962746
71.945835
57.136759
54.920025
56.139236
64.979822
62.938536
57.260145
40.459523
44.322206
56.026027
60.332911
65.387591
66.953229
63.727297
65.3667
68.032277
67.768212
73.037187
69.971076
66.512465
66.740013
65.140175
78.26506
88.319697
88.523641
88.661765
88.601392
82.352841
82.292582
70.383752
78.426286
84.036827
78.860741
69.374934
79.043618
70.854286
49.160702
60.024365
75.257703
78.085046
68.122924
60.63507
70.431863
69.291956
68.250686
62.393962
68.46947
64.512349
72.316053
63.70231
59.675912
67.793467
55.905788
62.877116
61.662104
54.636014
56.090382
75.231319
73.870421
91.216048
