95.091828
92.865359
95.541844
93.783363
89.855457
87.943533
74.647697
72.991576
70.020595
44.354808
63.240459
63.288203
59.784164
65.912501
78.072162
76.330355
74.284183
56.400925
70.662168
71.415007
72.572748
65.492392
64.2635
71.975981
54.996526
67.21884
60.974164
74.150383
72.772014
73.732727
43.390534
72.684333
49.261604
73.303103
73.007591
75.577257
71.72675
76.640405
56.756655
64.349231
71.028245
64.749995
47.325279
70.303225
54.156884
60.393434
67.843233
71.34033
63.412911
63.562803
59.850223
56.830813
61.462324
64.388568
50.889852
68.487347
71.821219
55.578267
63.343342
62.368365
45.130782
65.756123
57.767744
79.172723
71.624748
63.038998
70.552714
72.061219
74.448804
76.852012
75.98363
48.925417
73.237032
70.566024
78.036893
90.312599
90.487595
90.771883
90.419196
81.575738
84.946515
84.082926
81.966534
86.538538
82.759733
81.558717
83.824057
76.204809
38.707583
78.472041
84.160235
70.804445
59.93692
69.265432
74.586354
73.527943
74.058601
67.069837
74.71001
73.538752
76.420764
67.828733
68.801441
73.179966
40.999683
71.491656
69.735421
62.688651
62.495272
86.385536
76.364677
93.53764
