82.222823
49.726501
86.165716
84.795911
85.047223
79.398601
87.173131
83.141483
80.458079
83.116316
88.976664
71.640424
79.58025
89.853198
90.659659
86.605491
59.339619
71.576135
77.976021
64.6221
74.521555
90.645531
87.321678
88.337971
77.099646
68.23951
67.059946
86.482889
90.044089
84.320695
81.590549
84.907467
71.591305
86.707445
85.552498
78.374271
88.562884
67.5108
86.755538
67.378005
79.737838
89.877777
88.311039
89.600043
87.355425
89.055472
87.789646
82.298996
85.869447
87.483351
86.475464
88.99186
90.57348
87.583903
81.44497
88.480529
62.024634
91.907249
78.770659
80.332188
88.693927
69.168555
82.343836
87.141254
80.50595
78.641136
84.211351
60.60897
79.904582
83.832285
89.683876
84.7131
86.758296
61.056155
80.806479
89.386188
83.152761
78.862636
93.154986
79.298516
64.690439
88.663603
83.071946
76.625093
91.788614
74.190695
48.660331
46.139101
54.062541
64.578316
