79.323776
48.650795
84.113154
82.310934
82.248514
77.550742
85.420387
80.969603
78.055049
81.628687
86.346818
69.874274
78.463989
88.272116
89.476267
84.578875
58.544501
70.627384
76.754325
63.488419
73.6156
89.6659
84.812165
86.325386
74.654324
66.726683
64.92736
83.72048
88.396458
80.842416
77.518478
82.055351
70.096759
83.118465
82.230262
74.804969
85.646352
63.663038
85.277459
66.57715
77.978388
88.636126
86.593394
87.609284
85.008808
86.746651
84.850734
78.668076
83.471272
83.984529
84.261047
86.718108
88.363665
85.164979
79.263187
86.273728
60.033575
89.959388
75.854555
78.411769
86.228064
68.139594
80.689896
85.257932
79.447837
77.554185
81.945556
58.50711
77.130058
81.38463
87.630413
82.765682
85.540977
58.974243
77.287706
87.337504
79.908131
75.834551
91.543958
75.520842
62.990951
86.09788
77.742467
72.576972
90.103923
71.1352
45.964998
43.574272
51.965255
59.411026
