99.126294
99.093366
99.070496
99.118242
99.15388
99.11263
99.082342
99.095794
98.973208
99.069368
99.092096
99.071576
99.067606
99.084777
99.037595
99.108051
98.859617
98.474625
99.085392
99.065435
98.708717
98.661141
99.120474
99.110303
99.112112
98.351421
99.138638
99.124882
99.091836
99.081171
99.052654
99.09749
99.065307
99.083411
99.11163
99.075548
99.108416
99.124152
99.118879
99.114011
98.768273
99.000378
99.103919
99.120714
99.088288
99.075212
99.135829
99.074523
99.082933
99.134078
99.067134
99.039935
99.101755
99.061695
99.108368
99.052568
99.092159
99.104503
99.102617
99.086669
99.081282
99.065829
98.172117
98.793785
99.08546
99.063844
99.124387
99.10115
99.085366
99.113019
99.083662
99.099336
99.08668
99.093053
99.075612
99.092989
99.110602
99.212797
99.045989
99.113944
99.050258
99.108325
99.114557
99.092872
99.056466
99.070153
99.124567
99.106259
99.119042
99.116248
