32.83803
25.360313
48.678247
42.547061
27.59878
43.399034
50.748037
39.405858
33.885042
45.076777
47.474291
44.41393
45.183916
54.201403
57.416101
49.1694
50.429978
37.473595
31.621646
35.718765
44.795752
45.883367
43.977097
52.801208
37.055571
34.095871
36.681243
34.110633
53.298425
47.080876
27.256918
40.307535
48.185467
44.444179
38.737518
40.284253
48.390847
37.288774
51.652938
50.730405
48.254203
52.711532
44.393615
50.96063
45.005278
51.822
45.418684
38.839756
36.399071
39.374807
42.361153
49.733223
53.847329
50.755682
33.067253
32.814182
30.744865
47.194989
35.561875
48.528829
30.899556
44.628225
47.565083
45.397179
55.931192
46.479459
47.964893
42.995593
28.540687
47.290417
46.726296
40.185652
49.425976
25.624683
36.649367
48.449401
34.115523
40.118176
48.517513
29.621836
39.554632
42.917535
31.449833
21.407814
42.425429
34.599394
19.076857
17.419851
26.011879
22.243584
