37.117955
27.964971
53.348267
46.138537
29.784403
47.186969
54.558076
42.813904
39.489445
48.404266
53.414772
47.61086
47.473655
57.873916
59.70483
53.459613
53.919329
39.603938
34.031768
38.513474
47.150676
47.923316
48.013866
56.318505
41.09663
37.409468
41.918264
37.824167
57.247257
52.213291
30.802346
44.998596
53.025939
50.966635
44.374997
46.6855
53.354201
41.523839
55.356251
53.017706
51.346743
57.995718
48.658757
54.992301
50.400511
56.469349
50.880727
45.713331
40.152024
44.70936
45.861477
55.203224
58.228451
55.753456
36.22858
36.500721
34.170477
53.992051
40.194874
53.435062
34.232171
47.738852
51.254223
49.227346
59.333995
48.709225
53.254483
48.057831
32.309954
52.079809
50.368308
42.846933
55.790844
28.416703
42.95395
54.250244
38.765187
46.48336
53.948436
36.27401
43.744029
47.651373
38.603511
24.661669
46.457443
40.214884
22.529632
20.968654
29.78182
24.573112
