48.006843
42.549505
64.84679
62.111422
48.419145
58.375738
65.830644
45.832353
53.182482
47.701109
65.132333
54.004697
56.604162
68.921025
68.364143
64.983732
61.794039
59.955608
41.760233
48.568023
59.406077
71.45769
50.494476
66.988021
50.415696
49.859443
51.936115
53.743558
68.859745
63.27945
39.958847
62.771633
56.90202
61.929143
59.766728
50.472108
65.049529
51.813294
48.023741
71.213425
65.292122
69.990687
59.992031
66.943297
59.685524
66.975197
62.123485
57.571925
60.629902
50.640782
63.643741
67.791804
67.402109
53.066301
55.471359
60.992705
46.537165
67.211836
50.210101
67.148156
64.651429
64.334012
62.309171
64.412633
62.34588
60.514733
63.996006
58.6496
55.826444
63.489678
64.000616
63.350586
65.096389
41.889822
51.014611
39.433219
47.62526
48.880811
70.64452
39.864168
53.820991
44.251507
50.318475
32.338381
71.000463
53.427452
33.198459
36.127815
41.492949
37.817267
