66.439645
53.680235
73.761753
70.398917
70.536924
65.532961
72.971161
51.950544
62.227372
64.213276
68.574157
67.659467
53.426944
66.468139
76.017761
72.468305
72.619504
59.694098
45.8928
52.780459
61.956393
61.74177
72.571706
74.298789
57.738284
56.430365
55.956402
55.900819
75.793054
72.772697
62.38251
71.688475
63.800986
73.656226
70.103482
66.555145
66.339363
61.331227
56.365738
47.674172
66.722046
77.454016
67.321385
74.522343
59.93023
74.368012
56.300493
68.835837
69.913532
55.890804
62.964074
57.331495
76.370464
74.445373
69.232213
55.537865
52.324885
77.384516
58.070269
58.087786
73.62523
57.239573
66.234914
59.092906
69.061159
67.547561
68.829111
69.562164
65.465594
65.721495
75.466704
70.332164
79.442198
40.271453
49.445364
75.432058
67.915456
52.779293
78.681551
44.060769
61.892067
75.809758
46.499816
37.784516
79.502422
60.655284
38.076206
35.60551
49.003871
36.388959
