86.811518
80.244234
83.545002
87.106635
89.582136
91.881154
90.789933
90.414229
93.238147
96.690659
92.963968
88.402365
90.23521
92.753072
88.85615
72.021855
84.56413
89.709153
91.90016
64.702243
75.422928
88.834898
92.54414
91.397882
82.692302
89.435298
91.10527
94.447448
80.977275
90.773158
93.607054
95.32099
83.115015
88.087705
85.811447
86.249003
78.499204
82.193639
83.497197
81.964378
80.090144
69.035268
67.347889
80.342421
93.737474
90.78982
74.143145
98.523691
97.097743
81.150006
86.391103
70.48688
81.78009
76.894701
59.733741
87.75264
89.51411
75.291967
74.868964
88.680724
85.777179
