84.05686
79.284469
81.902617
85.361987
87.327515
89.828812
89.192096
88.833491
91.586095
96.164323
92.264797
87.911522
89.248521
91.320375
86.763839
70.404689
82.713324
87.709532
90.06567
63.428521
73.540207
87.545295
90.881
89.515007
81.077623
87.709169
89.445696
92.686539
79.530356
89.260884
92.180953
94.396409
81.720482
86.513795
83.941199
85.062514
77.589179
80.580028
82.258946
80.728333
78.803059
67.756742
66.353032
79.312232
92.23806
88.6499
72.381451
97.692087
95.068485
79.608788
85.168054
69.87942
80.263156
72.844619
57.236799
85.600621
88.844546
74.991959
73.500875
84.815449
82.313282
