98.388851
99.679823
99.357393
99.06652
99.249196
99.090595
98.294907
98.387591
99.180352
99.19346
97.902752
97.916379
98.100777
98.876651
99.251642
99.621783
99.773966
99.3125
99.866544
99.597673
98.790042
98.240781
98.286761
98.619169
98.926278
98.794859
99.112558
99.473383
99.316366
98.793914
99.345196
99.892822
99.80709
99.935686
98.504598
97.880269
97.851744
97.509521
97.470004
98.895933
98.694165
98.796398
98.678843
99.26184
99.892827
99.787149
99.848444
99.892815
99.652761
98.79053
97.701097
98.230927
99.006735
99.892827
99.848988
98.863946
98.55454
98.383379
98.784016
99.935677
99.839205
