44.214897
13.591335
11.45079
12.780374
11.19307
14.439005
15.081897
15.151052
16.728534
23.422538
56.271253
59.858229
31.473268
18.359587
13.334692
15.112741
18.956256
24.364921
17.934722
12.627117
9.000355
13.572825
13.06777
12.808822
15.741864
14.90203
10.704368
19.822115
17.422705
16.588313
15.755563
20.063895
5.600138
1.376313
6.580872
10.708096
9.679728
17.191107
33.053216
14.542259
7.375948
9.567475
9.525189
16.758857
17.568549
15.375212
18.117587
20.756357
18.796991
26.408224
37.865869
46.460872
39.141284
21.408735
18.920482
38.516585
34.18467
42.915191
45.93388
31.441263
29.725586
