52.469921
25.266152
24.201403
26.6393
23.504191
28.454434
30.115372
29.158407
31.52504
40.844943
66.313443
68.996658
45.506783
33.709523
27.99936
25.375969
31.854187
35.814027
32.072738
26.313945
20.739672
27.466612
28.601181
28.985167
29.636616
29.408862
29.948051
33.396301
29.144174
31.794069
27.531245
37.459104
15.479951
7.083852
19.584384
25.295161
21.915627
33.68352
49.57621
28.734218
19.426446
19.398398
19.343729
32.061999
33.46911
30.285314
33.401533
40.28914
20.480743
44.8504
48.012481
51.808262
52.549584
29.002047
27.152203
49.388405
50.864321
56.422479
55.502226
20.90637
38.430709
