64.846531
38.759584
46.263239
49.553923
47.666726
53.050842
54.45186
52.807924
54.01002
66.615102
79.221267
80.861831
65.743719
59.526237
46.961801
45.624521
59.314709
64.120611
58.116641
48.938801
41.502213
50.201979
55.463974
54.347515
50.593668
54.266261
55.526541
55.022848
50.047424
55.627851
57.634436
62.081246
41.562178
36.570033
45.69145
49.32578
43.639103
57.765022
68.962034
51.854536
42.691827
42.958197
37.608727
58.065584
58.265213
55.941156
57.069168
60.511378
52.133432
56.068439
71.564442
70.174219
70.317928
49.789165
39.41884
57.140629
69.598723
72.096788
69.376902
43.787868
55.253307
