73.183288
48.913514
61.602149
63.438906
61.995543
67.428236
68.448401
67.085635
66.20954
83.052108
83.882322
85.795504
75.842462
73.122794
58.879803
65.278496
71.516281
72.643113
71.95821
64.207222
54.242689
62.751143
69.938439
68.308391
63.471654
68.5307
70.18569
68.474671
65.513328
68.752453
56.867019
74.145606
47.986184
38.418468
59.39315
62.302539
55.800525
62.295458
74.885571
64.613195
56.430766
47.736091
47.69879
70.437861
70.347361
68.275491
62.273092
68.605106
76.943123
65.227828
79.050539
78.009765
78.417822
56.967455
46.749653
75.868468
79.396509
66.850679
62.934961
69.546062
66.855614
