79.343198
80.254257
67.491561
71.952338
71.643663
77.089783
76.884414
75.92318
73.937894
90.524414
86.685411
87.569714
81.303759
80.899767
66.287108
74.135258
75.1552
84.377024
80.374168
73.646639
61.850007
70.813058
79.89084
80.165668
78.133609
78.265473
78.624642
84.38335
75.115294
73.454256
66.013416
82.461336
56.021306
48.413286
68.751501
71.067471
62.858966
79.733463
72.467755
72.489206
63.180646
53.587654
69.089372
68.119305
77.654583
77.028986
80.226898
67.652028
85.942715
72.776721
83.42456
78.642398
77.803668
66.003775
51.837815
76.413922
80.462966
69.092008
83.49774
68.638612
76.376423
