96.120949
97.827167
98.871947
98.086215
94.206024
98.53563
70.984036
75.186826
84.560569
86.915115
94.797916
97.45592
95.634165
85.872023
71.878417
93.0912
90.679778
94.153032
94.644765
94.712058
95.234573
95.153959
93.470699
77.210371
79.261919
96.34447
97.219556
98.509712
92.937053
94.702439
93.733367
74.338874
89.071
91.636293
61.084448
83.012597
88.950686
76.320157
92.730595
85.493682
72.59279
79.060803
81.439187
90.980331
70.439348
76.561747
70.687077
88.578243
96.764028
95.597476
92.23986
83.650502
93.547099
93.173037
93.456149
97.277039
96.022804
96.992683
