44.085241
47.763249
46.195618
46.248032
53.435128
50.137827
40.733054
44.029999
43.510603
43.2553
43.57478
44.104691
44.890995
49.288007
51.945509
35.960019
41.16206
58.305615
54.104117
50.446732
42.187672
41.971969
44.105198
53.221722
45.243519
42.82966
51.242091
51.791739
46.794067
51.184584
47.002251
39.267711
34.305485
48.058989
39.859976
42.735567
40.610848
38.162155
38.157297
36.243886
40.253463
49.31126
44.950333
42.317843
33.983842
28.645445
37.015185
37.915069
49.326023
46.044786
38.202143
39.801048
40.803429
46.452382
43.632624
47.674482
45.951555
71.453699
