74.697934
78.085382
77.457014
76.58591
78.631667
76.666147
67.844727
68.254833
67.312452
67.999124
71.968453
68.341989
75.434159
69.280105
68.940958
63.246628
62.747342
77.439236
72.253102
74.285758
67.603963
69.281921
69.624381
57.092441
68.570603
71.524477
76.694459
77.427061
70.04666
76.137105
64.083546
50.851933
54.433275
68.665203
63.73526
61.424678
62.296692
64.568801
56.926002
63.058154
60.225137
70.738159
57.992193
66.654783
53.056662
46.740254
59.915242
51.325581
67.048405
76.662501
54.38051
61.633273
58.797642
68.789967
57.591129
78.383508
63.362272
87.374367
