76.883826
80.792796
80.080268
80.093717
83.392719
80.40251
71.893282
72.125784
71.852222
70.3277
75.241012
70.242695
78.280044
71.604242
71.598263
69.20865
68.160069
81.719915
76.60831
79.503042
70.504328
71.908772
73.560827
59.818133
73.502646
75.973969
81.086553
81.530365
73.051254
80.072198
67.931923
54.235142
58.70016
74.023454
69.067795
67.047995
66.872472
70.030222
60.846195
67.683419
63.691378
75.139534
60.720717
71.595111
59.389465
51.74186
65.427188
55.137748
68.333916
80.23369
56.790461
65.307222
61.538963
72.755367
60.374956
82.196636
67.980544
90.10511
