85.970401
89.149984
89.669029
88.481008
91.003975
89.626055
76.728617
82.350619
80.187422
77.940984
84.160991
79.73535
86.308432
78.297395
77.988957
76.770522
76.141644
87.024404
87.637958
84.122153
83.804837
78.803676
75.741854
70.898333
69.973645
85.009228
89.542866
88.423473
74.234436
86.641843
83.283089
75.710886
63.792722
81.430216
70.005347
76.964797
72.605119
66.331212
78.529779
72.88867
73.58052
83.151537
81.926378
59.855716
59.708868
51.152531
64.667258
78.767443
85.877981
88.919033
79.083144
74.40174
80.809804
82.802092
79.608922
88.883273
83.829905
92.917738
