89.992815
93.845133
84.035504
93.091651
96.377031
94.680244
82.455476
88.658899
87.038545
82.116421
89.123177
79.649308
90.416698
70.313112
70.047314
85.964097
84.127005
93.857623
92.670329
89.374968
82.704351
82.626519
87.241099
93.084023
75.565808
90.765763
95.023881
94.97438
88.350967
91.683633
90.346154
83.106246
57.461724
88.148777
84.723408
68.232084
82.276064
84.125105
83.047025
79.695432
73.67314
88.668841
87.913059
86.156867
59.255104
65.614692
82.975564
65.941107
90.638392
94.54373
85.216777
79.49293
85.811298
89.033206
68.984081
88.089169
83.512414
95.203656
