88.752798
85.191611
95.342236
96.330431
95.951405
95.168496
95.881522
86.922171
84.064393
93.368381
88.793342
98.66649
98.107084
91.957626
94.803782
93.024581
94.10775
84.572713
92.590457
91.090616
86.849567
89.391915
95.036595
91.614822
87.064672
93.751434
90.853111
94.447528
87.080793
89.47061
97.017093
94.761238
95.795013
97.011553
97.085187
97.069848
90.871813
88.72691
86.718064
92.588407
93.172288
82.39328
93.529032
93.959023
94.997358
88.168597
94.933879
91.337405
94.831074
87.886843
86.455448
93.451037
80.402627
92.10626
90.785489
96.493049
97.099298
86.251661
96.204218
95.919997
94.935423
94.273835
95.943362
94.734108
94.571168
96.324256
