89.075691
86.028949
96.033951
96.788773
96.386566
95.391131
96.234544
87.664228
85.814553
94.205746
89.023403
98.827756
98.457162
92.919586
95.046305
93.153814
94.275613
84.765925
93.424319
92.276789
87.43564
90.108209
96.045946
92.314917
87.246977
94.056043
91.096327
94.827137
87.881316
90.155326
97.859464
95.233207
96.707725
97.631089
97.421676
97.392766
91.75345
89.660303
87.356972
93.657799
94.484382
82.839228
93.868049
94.367083
95.215093
88.313054
95.451637
91.586158
95.530209
88.695857
87.165251
94.065192
81.5053
93.35958
91.476093
96.76507
97.373328
86.92866
96.720874
96.669014
96.755894
95.06946
96.499962
94.748433
94.578831
96.294209
