44.828307
39.62498
49.405409
54.848088
52.015508
44.725597
52.184655
44.934596
41.610158
40.782981
36.260247
55.82508
55.117244
47.360331
48.915967
48.199913
44.621037
45.658691
55.231036
45.819585
43.140785
40.846247
44.427658
47.080365
51.788236
65.417069
64.106278
48.575292
45.476523
48.671279
57.453644
60.144605
61.705304
60.570163
61.218745
62.042456
48.121527
43.76642
44.701166
45.874662
42.770324
42.548812
46.094412
48.597712
47.295711
45.475045
51.523426
49.560247
51.263144
55.618367
53.07181
62.571308
43.812215
44.740032
56.828137
68.553901
68.299164
53.207962
60.087358
59.942858
46.09568
57.254593
53.000015
45.621369
45.538638
74.703048
