54.777232
64.266969
65.946135
66.323596
65.420718
58.483946
64.261595
57.350485
52.497048
52.048122
50.020483
68.821949
55.117244
57.216572
63.047971
60.081538
56.948364
62.429296
67.47893
59.329938
54.813984
53.492324
57.866853
59.049743
51.788236
74.023603
71.224431
59.052797
57.005195
61.218519
70.525909
71.848822
72.648409
72.425977
71.188493
71.845182
58.594415
54.827115
54.257049
55.780762
53.694758
53.5529
54.49998
58.307474
59.502758
59.485617
62.857424
60.702458
62.904039
71.908615
67.922111
72.789064
49.525363
56.86223
67.728681
79.92205
78.722953
63.458767
70.454751
69.283509
57.855504
67.456636
64.533588
57.933034
57.68723
80.736132
