72.922875
77.829303
79.476659
82.932398
80.291273
74.463383
77.807076
70.335256
67.779164
71.553202
65.723443
82.189985
81.215921
72.353995
76.071385
72.507838
70.524871
63.09597
80.254838
75.514942
70.733615
70.553284
75.883231
75.148784
75.033861
85.034165
84.117071
66.530259
70.566782
75.612041
83.700042
85.17423
84.120535
85.049904
82.177526
84.28175
73.046865
69.318006
72.354927
69.707395
69.488449
66.330792
70.646467
72.893311
72.158039
72.177302
76.923526
75.934971
78.014824
74.64912
82.740841
83.140603
65.776578
75.646166
79.679194
90.815103
89.351397
77.904839
83.434622
82.035734
74.70571
78.198012
79.432965
73.988205
73.718592
88.325436
