80.22029
84.309319
85.979834
88.765455
86.738931
82.447834
85.424569
76.82341
74.368405
79.608342
72.598107
90.192723
88.951089
79.000074
84.563005
82.085673
79.433607
74.620932
86.25372
81.346351
78.026843
75.915455
84.415271
82.160825
81.432854
89.499482
89.587437
79.159633
72.690773
82.40277
88.80981
90.856362
89.281394
90.884287
89.564753
89.967412
81.676039
78.866623
80.072578
77.768317
78.306792
76.5679
78.623105
81.742477
80.318007
79.535835
84.420158
83.876447
85.388278
78.335397
83.280777
89.306276
82.221479
79.906293
84.642075
93.856716
93.911892
84.305755
89.32903
88.393967
83.251338
85.22822
86.702336
81.956618
81.718787
91.977321
