81.679646
88.236618
89.665339
91.436177
89.83793
85.093391
88.022242
86.922171
80.417865
84.602205
76.869214
91.622514
91.622237
83.405791
87.117293
83.780917
80.800914
77.212434
89.56837
85.543489
80.896996
80.380085
88.627011
85.718917
83.536777
91.69305
86.822707
85.527668
84.659754
85.068033
89.583751
93.421443
92.615754
93.770188
91.602874
91.942192
86.514858
82.041912
84.6806
78.237032
84.222071
79.403381
81.157098
84.531971
84.820162
82.143854
86.855807
85.93465
88.830952
76.070186
85.714514
89.878537
87.541183
87.720451
89.556818
96.256013
95.582616
88.652696
91.865265
91.285017
90.409783
91.513039
89.903715
84.383217
84.120533
91.558787
