62.493283
59.887088
59.827711
64.250358
63.055375
57.661832
62.430889
62.584889
61.232021
64.610951
62.370942
69.632671
65.439809
61.67919
57.963909
62.536126
58.019865
61.753644
64.875946
67.59712
64.204047
59.082332
59.928344
56.800192
61.394784
58.547648
57.772862
63.841829
61.041661
67.872552
64.012235
62.415211
62.63179
65.843837
64.101242
63.477212
59.701312
64.196195
60.355204
61.14346
55.913354
61.126032
54.636456
59.168364
64.283566
61.143207
57.497537
59.330081
50.151082
59.180159
59.501623
