81.812486
81.128185
80.972971
83.097925
80.341794
76.948204
80.203539
84.739428
81.527236
82.913808
81.938128
84.985179
82.269987
81.268306
77.224784
81.734659
79.671127
80.32709
82.504264
84.75363
82.448068
81.042415
80.95948
79.174521
80.321113
80.529829
78.575043
78.242324
76.859417
79.553594
75.127379
77.449349
80.626811
83.522812
84.203991
82.132947
80.98336
81.362395
83.668392
81.695497
72.271159
77.503301
75.125211
79.823273
44.039187
79.591898
80.053572
75.262446
67.889447
82.59001
82.56134
