83.602818
82.054596
82.321638
84.200786
81.422321
78.596853
81.767293
85.880455
82.69597
84.657947
83.382032
86.764665
83.346853
82.984129
79.607084
82.900669
81.640658
82.993917
83.364997
85.536423
84.342284
82.340086
82.001622
80.174757
81.195994
81.480675
79.871545
79.025534
77.652235
80.342272
75.948586
78.277765
81.06835
84.491074
85.687332
83.570176
81.938223
82.180782
84.672544
83.39708
75.046194
79.374954
76.981313
81.731598
45.35565
82.424893
82.108557
77.149071
69.90149
83.369349
83.145956
