89.3942
91.355787
91.190918
91.371818
89.356724
86.998347
93.04527
93.255871
91.711421
92.995055
91.884567
93.415057
92.788109
91.97247
88.443296
91.815653
91.135631
91.991839
91.678891
92.77134
92.290257
91.011791
91.434985
90.340813
91.525615
91.596808
89.190133
92.451774
87.333608
87.106378
84.235596
87.150907
89.527344
91.794003
87.326363
91.175166
89.472872
85.33884
93.162001
91.731796
78.009238
87.44303
85.009319
91.665025
50.237759
90.149758
90.261681
85.166919
76.133054
92.195203
92.061485
