95.017188
93.67562
92.329027
94.521149
91.315964
89.556387
95.535755
95.364723
94.159177
95.351935
94.077505
96.749802
93.481909
94.453647
91.449476
94.189335
93.999224
94.823692
93.040687
94.857704
94.880191
93.779846
93.650775
92.561069
93.673629
91.887686
91.569519
94.296517
91.999201
90.087596
86.137626
89.110675
91.441041
93.824381
94.192497
93.636702
91.68413
91.064311
95.235232
94.041015
80.545911
91.419176
87.541233
92.761542
52.132621
93.612668
94.427142
90.458214
78.330159
94.348924
94.274111
