1115022
1126475
1114954
983092
1028154
1138862
1114236
1117655
1117362
1032517
1174487
1057877
1053417
1123622
1125991
1125291
1180614
1065433
1106726
1099412
1138498
1188311
1197412
1070780
1063178
1030059
950769
955359
1053268
1121284
1193721
1113096
1054991
1042840
1120567
1109395
1111390
1052417
1040368
1071610
1149555
1053528
1078100
1080087
1135681
1071400
1118780
1168694
1082552
1203038
1072003
1179185
1002706
1082554
1149475
1118410
1156197
1170732
1054323
1042653
1115271
1040080
1030072
1092802
1071826
1186516
1189021
1125009
1047958
1070531
1124191
1052214
1141188
1119136
866638
1153491
1117009
1125710
1175782
1059045
1137138
1073637
1214313
1105749
1087170
1128993
1138243
1096435
1231525
1119911
1157973
1141452
1090252
1020425
1006486
969969
1035377
743739
1125164
1115210
1023464
1024372
1157388
1124592
1108032
1090874
1032469
923103
955366
1085843
919919
943290
1070003
1159524
1082972
1135255
1070025
1049708
1128378
1113738
1077785
1060092
1073020
1229819
1019952
1082502
1051356
1055550
1103155
1132737
1132962
1113502
1144323
1134789
1083111
1145328
1101954
1138845
1052158
1027012
1140282
1067092
1172055
1098596
1188779
1028780
1027044
1034980
1098900
1198080
1117606
1158905
1175540
1089576
1085010
1094296
1092365
1158504
1147697
1141414
1191748
1089678
1150522
1022402
1106320
1061853
1086497
1078055
1187534
1085289
1148181
1126261
1054995
774675
1055610
1014853
1152883
1094983
1134825
1081391
1089788
1111643
1076662
1092287
1116742
1105821
1199190
1047888
1078991
1046765
1162180
1146398
1001756
1083674
1167773
1107837
1177998
1163288
981006
1059157
1106674
995024
946700
901230
930964
935887
997944
1092645
960021
1071946
1173097
1097992
1162018
1110625
1160932
1121500
1063467
1119033
1103059
1033352
1143077
1106456
983733
1154890
1005134
1181353
940088
871204
1040550
1138946
828525
789170
730677
