1429589
1426430
1401406
1258994
1300541
1427351
1417195
1442811
1434335
1322173
1516466
1349484
1337167
1447366
1444511
1435460
1495123
1377624
1420676
1403882
1457086
1507712
1529847
1375844
1360466
1331481
1209496
1196845
1319630
1443504
1519756
1412192
1351766
1317892
1418598
1450833
1397153
1346290
1345186
1376602
1471066
1321959
1402403
1368687
1457541
1367086
1411567
1509844
1378193
1526729
1377349
1508463
1284138
1368026
1464720
1435705
1480798
1491244
1350806
1321559
1437417
1335686
1316862
1415182
1369761
1513543
1529397
1431061
1323269
1363692
1455079
1351669
1477419
1433718
1092602
1477425
1465388
1444544
1530444
1338689
1461935
1351376
1550362
1410874
1393216
1434143
1464891
1398502
1556825
1436334
1507370
1435516
1388759
1308040
1282689
1232615
1340338
975005
1456645
1408087
1318158
1308096
1482211
1454371
1419784
1398952
1318117
1170942
1202113
1388563
1171087
1177739
1342547
1487981
1394329
1443538
1356840
1337430
1449787
1432000
1379996
1367582
1366181
1564485
1305340
1383518
1343248
1339148
1426680
1427733
1445739
1436594
1445991
1451481
1377406
1473952
1407634
1455435
1346395
1320826
1488724
1349877
1507627
1394180
1495524
1319902
1316819
1322399
1378736
1515534
1454607
1463647
1515388
1396645
1389999
1391021
1398913
1488535
1477011
1447355
1535878
1385645
1488056
1309150
1431042
1355469
1398529
1370941
1521229
1375779
1481194
1438912
1325779
992345
1346989
1251587
1463573
1388195
1437757
1416517
1404613
1410666
1397007
1397263
1433828
1402662
1538800
1347520
1375764
1339161
1496014
1445620
1291189
1387109
1487675
1416782
1542842
1465477
1254544
1343999
1412476
1268200
1217966
1132812
1176160
1177790
1238290
1398078
1220297
1350623
1486456
1389292
1497566
1404566
1475009
1426248
1369207
1433560
1414650
1302173
1457507
1413862
1273003
1474607
1296599
1485803
1213174
1112234
1307072
1462385
1006157
981670
916090
