2137128
2174077
2118795
1952274
1946294
2119955
2182216
2123605
2000530
1952652
2260607
1946418
1954503
2062228
2238465
2083918
2164818
1957350
2031558
2058438
2085719
2271727
2170361
2034567
1975029
1915005
1559389
1613685
1862704
1991548
2227130
2076947
1981843
1864547
1911372
2034919
2152802
2107834
2046548
2063177
2175059
1898971
2020585
2046609
2082518
2028843
2047620
2219817
1898955
2265216
2009752
2224520
1977036
1976734
2207051
2150408
2137676
2248713
1910189
1964860
2162142
1985771
1979693
2213221
1949664
2247277
2178093
2125610
1931819
1970288
2192531
1988393
2247585
2118257
1556614
2233100
2068212
2089450
2161203
2046427
2068241
2002261
2336653
1942949
2142776
2096267
2107461
2054391
2292963
2130790
2167189
2112687
2058000
1863615
1900864
1796309
1889960
1438963
2118822
1978025
1967080
2058360
2206489
2180293
2136142
2010512
1922220
1656694
1682899
1986556
1697154
1585740
2092500
2182277
2132076
2054825
2079918
1893299
2142389
2137818
2123693
2076584
2055433
2303694
1935112
2114270
2024246
1919556
2077733
2168301
2115707
2039240
2150289
2138484
1994020
2086333
2109406
2109177
2016403
1845671
2177866
2031486
2304854
2054785
2215296
1994451
1988616
1935899
1959302
2193875
2032571
2240075
2206765
2006735
2069951
1989460
2091184
2099646
2205827
2098671
2226093
2137905
2169710
2028705
2128183
1998678
2126068
1905204
2294488
1998906
2136865
2136997
1806527
1417021
1964568
1787724
2095128
2004672
2104885
1988426
1973442
2107365
2234280
2119321
2162389
2043065
2258510
2072753
2107673
1970521
2167438
2193525
1975715
2012846
2235230
2051046
2280506
2156984
1864285
2034844
2129657
1794026
1664915
1510535
1554942
1580677
1639055
1925732
1753954
2013771
2082727
2109845
2144074
2044048
2140081
2206652
2147742
2081634
2090235
2091874
2165732
2110806
1777532
2250281
1864735
2148932
1705831
1451743
1923654
1983198
1411878
1245341
1150435
