121930
113655
116696
109720
107912
118950
120157
121735
115048
113896
123286
112568
114981
120386
118850
115314
121596
116704
119816
114401
117936
123100
119651
112796
117614
113946
109218
105243
115967
122437
120455
115320
106982
116929
114638
118291
111326
117348
118895
118424
118896
117560
120148
121643
112646
116796
115688
120628
112613
121281
119271
117298
110146
120748
117002
118429
122498
116441
115272
112237
120995
116871
109181
119309
112822
126848
119375
111782
110321
121739
116960
113645
116861
116470
111573
124567
109140
121084
123363
109777
119938
114857
123567
114453
113848
118462
115157
114686
124511
119649
118455
117173
112670
108197
114145
107541
114005
99851
119634
115551
123903
109405
122464
117868
119842
112107
107018
103063
106619
115551
108551
110474
122116
121364
111249
118158
111613
113320
120148
119386
114091
109434
116035
121983
113394
114041
111641
116946
119403
119338
114266
119560
118277
118780
115361
120958
118409
119810
110875
115130
118532
114655
122381
111788
125848
108724
112130
113780
111894
123981
116704
122044
118596
114539
111463
112614
113473
116578
119688
115782
124798
110212
126890
109657
118798
112179
117472
118925
122917
112020
121028
114499
109497
108316
114131
113162
118972
115555
118583
118989
109709
120718
112784
114159
117031
121565
121590
110413
117398
113611
125496
113012
108280
115325
120602
117296
121500
118530
110544
116180
119661
100230
107117
103291
109390
106218
111440
117395
105934
121133
118796
121296
118119
111056
123368
119227
110489
117624
114824
114375
122107
115826
110408
123134
107439
124995
100653
109455
113413
120735
96779
102560
92424
