185704
175006
181552
168548
167252
178347
182699
184736
186398
178118
189896
186775
175059
184778
181019
182809
191100
180562
183869
187048
189194
189910
196190
170009
175357
179491
169174
164889
189731
178721
193329
182643
165781
178965
180207
187974
169064
181428
179699
175522
187421
184709
176310
189521
176266
182705
185178
185306
176505
193573
189007
185570
168576
185750
187279
188189
191717
176728
177535
170470
188957
177381
173457
180133
173949
188881
194747
176507
170949
185644
183661
176952
188471
182151
166377
189973
171883
191845
194276
169305
183803
179679
196957
180616
182083
181209
181150
176349
198946
185713
185881
190048
170322
167375
172511
168827
174431
144730
183639
180360
189184
163903
196928
183474
180210
173475
172357
167351
163606
183846
163756
168167
186456
191584
175069
185477
171865
176137
191045
185347
185154
167703
178157
190098
177251
179188
171427
183733
184887
188061
186356
186957
182646
180681
180910
186661
188516
189570
171687
179254
191884
175429
191774
176407
192418
175826
175781
178839
175674
195826
177574
190091
189771
178187
172999
173163
172287
184991
189056
185624
196155
174433
197867
166589
184994
176488
179055
180830
198441
180596
185744
181722
169553
158226
177097
175455
188670
179544
187852
181342
174404
190185
179695
180057
185226
185437
194142
170630
183645
175831
192722
177861
170644
180880
189414
174253
191826
188427
172790
181163
186939
167182
165550
148409
166723
160560
173379
186903
165439
186739
184259
190365
190436
173433
190742
183956
175225
183761
176876
174446
192457
176901
172011
186073
170069
193047
163160
161100
173326
191482
142519
151077
144812
