259595
248291
259749
241839
237088
254361
270865
269590
270549
258486
283475
267197
258247
263908
269074
265772
275881
259194
265181
264088
281101
271935
296150
244441
258273
261352
246935
240425
277042
258522
288396
264633
254908
260244
265125
274039
261602
261339
248637
262261
258649
264841
257340
267107
257933
264094
266176
274318
266529
272711
271779
267897
240530
274253
261840
268971
272671
268479
265580
249558
273260
256645
252395
252984
249541
280002
280066
277738
244022
259862
255876
253558
274691
264254
234588
276390
252796
268535
281103
240364
272395
260861
292936
255478
260334
264082
264518
252904
285165
281448
267460
272689
254816
243599
248375
238079
263716
204114
272557
261272
256492
243428
279521
269610
265818
252483
246999
234054
238283
269944
232195
242990
261811
281211
256553
273412
251781
257790
282624
269419
263111
244043
257049
277546
253493
258462
248904
262023
265999
275676
271264
276705
268267
261819
261595
264032
269498
278190
253006
261018
274369
258952
274645
263263
285128
248675
252742
251523
251802
277590
265853
275646
278301
252660
258223
250747
251687
265162
273755
274287
285829
262441
274087
251916
271779
253594
258914
262675
286949
263604
279016
275990
239749
224533
264635
250598
268352
254268
267651
265627
249224
271269
261806
260062
269430
276858
281386
251181
263488
252877
273695
258784
235926
260379
270647
261440
283366
277958
240406
254975
266640
243364
232242
224268
238690
242556
233440
275986
239811
263925
283271
266157
277785
254680
271166
268677
243336
255113
260650
250536
265169
266652
251701
279451
243179
285421
234019
227216
248083
273930
223440
224724
204948
