344457
337499
348391
323165
320776
337860
361028
370124
358662
347652
372050
363223
346543
355525
365099
357587
371144
349148
362877
350103
376367
371470
391842
324377
346226
349570
327859
321745
371757
362883
375629
351271
335547
345271
348723
375527
339281
346090
336287
346150
352979
349598
350138
361268
353362
353393
362004
371624
355887
370533
356835
363831
323314
371147
356185
358923
363022
366432
351303
334350
370222
348842
343382
335007
345092
375196
370642
373698
330962
346875
341477
338412
373895
358218
310745
378736
349242
361752
380021
320390
362350
350715
394273
341873
343078
356376
352138
341838
380912
377047
356583
369756
337236
336894
334925
321002
349807
274709
366633
347268
349858
330091
374556
357472
355752
341195
332238
314368
319060
361649
310431
321450
359131
379158
341478
354698
340842
333956
383664
361069
351460
334244
341166
375686
348627
339163
333274
343972
354588
369385
360569
374997
357503
354205
354104
358359
366575
366081
338122
344602
359622
344653
371618
346472
391468
328507
341427
334780
343938
380813
348098
373609
374417
346924
348229
339635
338196
359220
362820
366702
382534
350348
375111
333937
363333
335667
349303
357692
385828
349188
377446
367382
316851
286121
358900
333939
364238
342401
364789
361009
334497
365076
351680
351368
353816
377739
372794
341667
348748
331430
368575
345080
319554
343324
367511
345310
382972
371689
330192
343885
357658
330077
316524
292163
317649
321583
307560
369848
317620
356814
385513
349935
372019
347264
363373
364914
329409
357272
346291
337163
346732
358672
332915
366211
324907
383782
310113
303343
340670
368542
272495
275445
269091
