491301
459596
466419
448638
442589
487492
500317
511590
489337
467853
541572
473220
468291
492619
510207
494412
522832
471089
492662
490235
510977
531136
528866
473921
473550
471274
445544
436423
481928
490751
527788
485572
465323
463774
459309
483950
482252
475787
464361
474179
490774
474460
484604
503598
487967
487329
492236
503963
478668
522123
493293
520499
436465
491222
503550
483007
503251
515573
467588
455291
500595
473707
464399
471531
469040
517298
511403
500946
453923
474924
472888
460717
486446
500366
412749
510707
486794
477509
515636
453072
482492
473740
535770
483788
469408
507013
485299
480820
534410
506891
501826
501561
473635
470337
442725
428842
448302
357297
505165
471590
480044
434483
516525
498271
479974
459347
461402
408556
439686
495786
437171
438465
464459
523827
484958
495009
468284
467791
511386
498830
493488
454176
465029
516917
467795
466945
459156
471039
477201
520735
495581
509316
499646
491896
477637
499094
491995
504375
473986
465887
501324
502804
516195
476437
519963
456824
460187
471730
464253
526804
496433
505116
519946
471727
475274
465348
470427
496935
515408
491079
538500
464056
505869
447253
500762
468029
479137
499172
520325
481319
528327
501277
417509
394016
494427
456720
489209
462453
487493
480616
460006
490396
496951
483547
504491
514496
544022
442698
476084
456722
513270
500241
430615
467661
513932
473400
520496
533587
427121
464842
490959
468241
425978
380367
419915
443911
436951
508789
435938
476911
510422
495542
501790
487729
506434
504658
458203
478627
490954
460450
482739
481938
452132
504395
448581
521610
442104
397730
460044
495556
396475
380896
352195
