814807
808169
787111
720244
735398
842883
830604
852566
822521
779182
897262
815211
776052
811402
849223
828706
865384
799196
807569
816765
853004
860212
878064
805817
799012
795162
727933
700253
829762
773996
875539
838221
751721
770761
799108
824365
803730
761645
782753
839122
844391
771205
815724
820764
855372
825491
820080
851476
814519
887285
810440
869580
729047
822235
857707
821832
860404
882581
790937
770210
833132
792587
781969
802326
784235
871288
866532
852406
746970
781915
802138
793501
845398
827202
667956
847100
835104
813102
878211
774444
829802
785964
894557
805699
800162
829151
840380
816551
897118
840266
861728
839722
800367
791598
748050
711990
750923
599358
840895
791835
811349
791450
858115
859147
820165
778882
755767
706107
708987
815585
716063
699206
811637
859192
810402
831097
777708
795401
847014
832149
820563
760154
791106
871220
774930
802392
773929
772925
841079
836809
833924
835074
832227
840347
812181
833937
833490
846213
789123
785460
862829
818630
865726
812227
875182
759036
769907
767991
808382
872452
827482
872564
877786
801196
797238
776321
773537
834537
861510
849592
884718
802707
853950
758107
843938
776660
801770
823306
866636
818282
863986
843195
692115
634057
812568
756890
826395
787644
829673
795720
785663
817746
819702
812538
850081
851231
888899
772560
807401
770976
870491
849733
739185
797757
855962
812860
885573
870148
745562
775685
834184
745995
725850
640883
704306
686538
698116
842733
715914
808161
863215
822485
869544
819144
864990
842086
771963
820450
796206
790351
801718
813115
749971
859412
755904
865508
738714
646192
768206
844205
607166
565160
529448
