99.797885
99.021673
99.582925
99.73758
94.649334
99.936453
68.748312
73.30062
86.488218
91.425136
98.737794
98.948328
98.140736
89.984702
69.434911
98.994686
96.545426
96.10411
96.227322
98.102477
99.911838
99.787774
97.365504
71.574912
79.276083
99.048083
98.389889
99.789094
94.212083
99.293085
97.303644
74.609045
95.822031
95.333458
58.082805
86.04919
95.622872
76.758279
98.25229
92.140036
70.664307
75.854551
82.456821
94.940649
70.138804
78.596228
67.001421
93.852402
99.732061
95.750448
96.393221
84.291787
96.813509
97.249875
98.396929
99.219664
99.122779
100.0
