99.810208
99.033401
99.584296
99.747747
94.71719
99.985714
69.360026
73.842116
86.727102
91.85127
98.777135
98.966293
98.245047
90.132891
69.456006
99.8696
97.488906
96.181534
96.252266
98.1575
99.999474
99.800378
97.559696
71.960538
79.539076
99.133483
98.450589
99.91525
94.34967
99.416456
97.407615
75.717937
97.30437
96.899649
58.683741
87.513118
97.056115
77.596265
99.021434
93.295684
71.637049
76.087793
82.626569
95.642171
71.269391
80.404026
68.161504
95.126186
99.928472
95.805391
96.923065
84.432798
97.02083
97.596804
98.514843
99.311893
99.356893
100.0
