36.111709
39.926501
40.155636
33.492535
44.607517
34.519059
30.864733
36.886947
32.667321
31.303411
33.255631
33.649712
40.124491
48.261495
50.584976
19.218074
27.17114
54.893706
52.30902
43.651817
34.435822
35.049825
36.751856
46.221628
34.865956
27.044988
39.753741
41.882209
34.052113
49.186722
39.990733
26.998261
19.559836
33.230747
27.067744
31.533653
28.938343
24.820112
19.925777
20.133056
22.423175
37.783517
37.090073
29.870484
18.213009
8.937389
17.528045
23.75883
43.977125
37.106068
24.417208
26.180324
27.555895
37.538582
37.203908
43.712647
38.700708
79.540659
