60.528114
64.15407
62.278598
60.846255
67.957276
52.008446
54.675202
60.763063
53.647956
49.743663
56.386123
61.834662
43.827772
63.099491
58.199443
46.054924
45.272115
70.894843
72.717254
63.184027
53.121429
56.427745
58.227427
64.797867
58.864737
55.419931
61.991058
59.484046
60.791318
65.680096
31.585654
28.68244
35.759527
41.825994
49.263408
47.446993
48.371677
28.0893
33.221045
40.482906
33.459302
43.683521
56.580417
50.740827
31.446966
32.332152
31.479475
32.09208
55.330769
62.232144
46.894579
48.672659
49.501242
55.562979
69.131916
70.444207
53.521611
90.786381
