82.490847
85.155913
85.723825
82.077601
83.513486
78.45089
73.777305
73.364407
71.939372
71.376348
78.269054
69.840519
83.595805
75.774644
73.02407
65.236259
64.061786
82.596939
76.628096
80.230066
73.377648
77.315908
75.953459
48.907359
72.262101
75.827788
79.434517
81.655444
71.380481
83.995754
65.196868
46.029793
51.099995
67.29419
67.141624
62.052364
64.726472
68.568889
51.923125
66.169219
58.177392
72.915893
56.076245
69.108331
51.891731
39.336883
57.458588
44.550648
67.029273
84.093738
50.62427
62.217569
55.997935
72.346302
57.402371
87.948573
64.55888
95.861706
