85.231239
88.459136
88.834712
86.831684
89.455587
83.943428
79.291074
78.27173
78.306633
74.908215
82.818576
72.204962
86.998981
78.443576
76.042355
74.152844
72.308959
87.703678
81.24127
86.468831
77.055006
80.678867
81.107226
52.47033
78.568651
82.051008
85.334483
87.127713
75.524384
88.250639
69.981635
50.90824
56.998561
75.296775
74.918516
69.9364
71.37162
76.285696
57.893108
73.086437
64.307759
79.057774
59.653417
76.39781
61.305224
47.319164
66.331153
49.917141
68.987482
88.603944
54.256794
67.645819
60.111753
77.419984
60.792294
91.837445
70.991979
97.879514
