94.098284
95.568415
97.41641
94.892157
96.065023
94.260708
83.081765
90.573156
87.605343
83.72623
92.1282
83.084891
93.981287
85.201713
82.09122
83.07232
82.348045
92.615037
93.784308
90.762418
92.299422
87.603864
80.375232
67.474103
70.178985
91.887259
93.763887
93.427254
74.761144
94.359724
90.670123
82.702664
62.821027
84.595063
73.352338
83.908421
78.276836
67.398224
84.515211
79.069499
78.644995
88.615779
88.931385
55.077779
60.322471
44.350647
62.859909
85.067272
92.7523
96.023881
87.000996
78.739951
88.007653
89.913211
87.458777
96.665215
91.184279
99.45985
