97.372943
98.271704
87.169604
97.531192
99.683409
98.926736
88.343928
95.665872
93.673619
87.921563
96.489015
81.522128
97.00236
73.680658
69.145369
92.126102
90.431365
97.861775
96.016611
94.713544
89.448934
91.10052
94.154202
96.405804
75.947838
95.636159
97.751364
98.037394
91.455461
97.98111
96.447346
90.167327
50.592578
91.730079
92.252772
66.108735
89.578981
91.022316
87.985952
86.512316
76.83598
93.5608
93.761369
92.466001
57.016746
64.964069
88.071769
62.942323
95.918835
98.242832
92.531554
82.826384
91.903439
95.409263
69.839733
91.0671
87.933976
99.927876
