84.274241
69.43501
81.005466
93.375407
59.567954
93.284709
79.218468
66.780841
77.479851
94.398912
92.852787
95.146077
83.446484
93.554467
94.042358
77.483743
91.176037
95.482349
94.58421
90.213844
87.811369
77.450144
94.33895
78.185699
60.47596
87.362312
69.723312
75.192749
66.257186
69.440732
77.356077
81.522606
72.597514
95.045251
65.420594
74.023674
94.409201
80.890731
62.187628
78.537032
82.193451
86.433505
93.383728
94.26364
74.097912
81.544775
74.781143
70.195845
75.819269
86.008802
81.135574
88.856512
90.666583
82.616936
96.452701
94.453991
96.929578
95.859548
96.673364
95.591447
95.042379
95.289951
95.371727
95.410209
