33.234185
36.091241
35.522595
39.55884
32.427483
42.637627
38.472462
37.049898
39.684052
52.856899
40.82206
49.640535
64.566271
55.088632
39.388557
35.626041
56.680633
53.235508
42.057447
30.962349
35.944359
44.261754
37.197332
41.702057
33.087284
47.358859
34.461689
36.123381
40.104895
36.743402
33.217683
38.514869
31.518372
48.693792
32.458031
42.715398
48.317493
41.7799
33.704276
40.909707
36.78192
43.533699
45.016453
39.966778
39.66647
36.608086
31.383039
27.780669
42.384562
32.444804
32.45495
35.467649
39.248221
34.472169
59.341541
51.146982
55.947623
50.769171
47.227825
48.884109
46.225464
46.783814
46.872661
46.710788
