41.259823
44.036897
48.432983
40.998278
46.337006
52.937052
58.628582
42.342058
47.098517
63.348949
47.385573
58.755373
69.669204
60.824655
63.453699
42.506209
67.612183
64.797145
57.147564
45.474326
41.870776
54.951247
45.667309
52.072428
35.220145
38.043157
40.481171
41.641768
45.916557
44.64617
41.893786
48.197908
44.141865
58.762136
33.076714
49.266019
60.078736
52.176929
40.084217
50.250962
44.302066
56.142264
49.89372
41.511047
38.008492
45.182324
29.689886
47.356594
48.924092
42.329409
37.617032
45.586736
47.115443
40.397731
62.307955
61.232048
63.159922
59.785469
54.800643
64.244073
62.901346
63.309194
63.445585
63.372301
