55.633795
51.833456
54.887991
49.535561
54.075756
71.470673
70.385278
47.664303
54.073689
72.190171
59.475234
71.439234
82.6789
72.635851
67.937076
49.155546
78.291881
81.700179
68.76965
58.143199
54.704069
64.857511
60.590461
59.96715
42.838009
69.971484
47.753637
46.736702
55.996087
55.0572
52.454725
59.080162
50.817878
68.381753
40.734926
56.563182
70.692182
62.447315
47.702982
58.396701
48.33618
68.133146
64.539186
56.424047
44.008693
50.474871
46.117479
54.485878
61.000559
54.833793
50.186244
58.182725
55.52236
41.520376
80.199035
71.504375
78.756963
81.293168
62.853549
78.441307
77.115751
77.548953
77.692968
77.761789
