65.266831
59.546047
65.170716
58.410207
52.528874
71.84879
59.636028
56.66139
60.465976
82.758014
81.058613
81.384794
78.450627
73.022246
77.653333
57.655335
88.416813
89.875118
75.305975
70.726275
68.702877
79.901642
78.340837
67.665645
48.913529
78.21542
56.76552
59.552096
55.56029
68.193065
64.814457
69.235129
54.451338
79.620638
49.397047
65.106868
78.422303
72.550362
54.048942
66.618641
54.435475
80.159862
78.766587
79.199692
50.766598
66.987137
62.205298
69.912296
73.818728
66.289625
64.1489
70.619951
68.854271
69.391376
87.66488
84.502195
88.701307
90.041805
87.850164
85.782958
85.019496
85.499127
85.593961
85.551829
