89.211085
92.510719
71.057438
81.207345
93.622119
90.434389
83.68069
91.127541
90.820413
60.644099
88.16044
89.552896
89.748777
91.421669
88.746136
90.329225
56.222298
89.752858
62.586784
89.78813
77.767431
59.165242
84.85446
92.160914
89.605051
78.130608
54.588556
74.987943
76.995795
71.037638
89.870146
88.214805
88.6486
90.857264
74.536215
66.729357
90.411774
69.905194
55.999538
88.426559
82.552543
89.429995
77.760901
85.436054
91.336935
73.947977
73.660605
93.245756
88.048538
74.016908
59.766229
89.474107
89.190885
75.978673
94.393553
92.769215
85.220758
89.520008
82.136335
82.768593
92.889244
57.466366
77.070054
93.387078
92.801185
70.337201
91.504747
92.510658
89.53133
75.788503
92.282196
92.33936
91.7231
94.084835
96.16826
