99.617982
99.43842
99.752533
99.76197
99.599321
98.125629
99.439462
99.792767
99.847111
99.360706
99.632921
99.698654
99.770548
99.849922
99.704962
99.723289
99.641364
99.892817
99.892814
99.766332
99.799427
99.75226
99.840957
99.799576
98.978204
99.799926
99.430948
99.888596
99.785071
99.698272
99.881718
99.787071
99.461854
99.893695
99.656032
99.901087
99.84485
99.639644
99.835089
99.795513
99.680013
99.461147
99.267965
99.326159
99.056165
98.749075
99.637174
99.115095
99.394536
99.578045
99.316512
99.56697
99.837951
99.803503
99.591755
99.770834
99.823459
99.892811
99.568182
99.476237
99.732085
99.879814
99.656503
99.970504
99.944256
99.887318
99.831944
99.790748
99.707933
98.830758
98.306482
99.221656
98.299748
98.489824
98.673418
