30.024779
31.863016
25.737714
27.459627
32.804629
40.133736
19.983461
31.072229
14.875397
23.972917
30.395843
25.590969
28.629397
14.025085
26.180106
24.99454
27.457262
20.296096
19.956163
27.251971
26.344375
25.653977
33.595892
28.068449
29.58387
32.805885
24.707731
25.986872
23.722307
28.999081
22.497711
27.117921
31.370349
28.447715
21.543897
23.741623
15.174888
28.252355
34.617269
32.019164
26.927677
22.713385
31.465115
27.147538
33.24583
36.757284
26.748461
38.224715
31.198152
26.367415
31.015827
34.727876
29.833908
35.695619
37.164912
22.040827
29.327169
24.476417
18.884582
21.555988
16.653605
30.942001
26.944854
21.895796
31.445892
21.071853
32.889144
32.794127
28.854098
38.094372
39.762951
51.838692
45.419349
41.793814
57.82165
