69.112257
64.863036
52.195271
58.445579
49.933936
70.9551
64.229628
66.474442
66.377291
66.959809
65.168623
60.002678
63.368051
51.276842
61.937625
62.898159
41.270346
59.14346
59.304282
63.086622
56.464385
54.117918
65.765817
67.947869
66.054417
58.225465
57.363027
50.38984
60.935489
59.172731
49.283127
57.591431
61.480963
64.826463
55.57594
61.087503
61.125518
64.242975
70.54693
65.755015
57.525079
44.355618
51.831373
54.571755
65.751428
55.26042
65.335589
71.093052
64.632338
54.320289
60.598504
67.521785
65.977533
70.259457
73.279841
43.297934
59.924693
62.470781
50.174727
47.712024
67.466228
34.843792
54.668378
43.909877
68.37397
56.688116
66.84303
68.951394
61.417766
61.831118
70.995582
78.365425
62.567748
73.054754
80.51399
