71.220105
80.208531
71.824433
61.625046
84.575878
81.608522
80.928996
81.513382
73.515929
63.716344
79.360081
78.58094
69.614288
56.304825
56.334394
79.031101
81.219684
80.481237
54.921755
65.55857
62.525798
47.216247
58.895006
83.701819
74.439715
81.055179
81.281423
80.68884
67.390994
63.853508
52.912173
62.838035
80.310788
80.862053
60.422755
79.204273
80.192728
54.615956
84.195476
79.777633
68.196894
62.709826
75.512755
74.820978
79.671071
82.360426
73.857999
75.072343
78.813613
65.085058
80.444486
57.414105
80.520876
84.646005
87.114236
51.665352
65.890797
79.984095
62.97465
75.241054
64.206539
51.426276
75.210212
82.765299
83.56181
68.033701
82.115768
83.853924
53.456822
80.731966
83.938414
87.360054
83.810993
84.618041
89.248779
