91.504301
87.308688
96.376544
96.306539
93.442259
94.854211
97.937006
97.756165
75.153584
81.214029
94.333494
90.682863
92.780806
95.073751
92.261131
93.51984
96.60173
94.52795
81.176814
98.072077
93.283324
89.148174
90.245865
96.559421
96.166298
95.955718
86.969768
92.369543
96.27824
97.216564
88.426397
90.510266
91.422653
94.795136
87.393537
96.362328
90.290756
89.560905
96.855911
97.175241
97.835317
97.654631
92.301425
91.36038
97.821814
86.846849
92.260025
96.110636
98.546405
98.390219
95.295286
96.136758
97.287764
91.761157
91.886043
96.849969
96.486466
95.585921
96.335655
98.665496
98.454557
94.359847
95.925739
90.62678
97.863685
97.925078
97.339185
98.160505
94.363916
98.131461
94.314118
92.905079
95.878539
94.93719
95.689216
83.153816
94.826526
86.006007
97.135271
91.664254
98.211824
93.832575
93.62998
97.263487
89.633942
85.876414
97.284404
82.429039
83.503698
93.700706
93.044991
93.903075
90.594198
94.684665
90.038643
88.774037
87.186169
95.918636
97.708571
96.568713
94.307742
92.215912
94.709061
94.882319
