38.358241
48.892786
42.868139
34.854172
36.518957
51.15015
55.832812
51.26056
36.611293
38.525666
46.558061
39.774906
39.723794
36.486451
45.105369
42.16436
50.358724
43.508195
46.534638
49.35177
48.830035
46.179186
42.760533
50.635243
57.300643
60.142673
50.618335
45.444603
53.255285
50.868455
42.490615
38.905655
62.560086
41.41963
44.262607
53.12739
42.884967
58.646684
50.717178
55.4862
58.454528
61.619783
50.66173
45.413329
57.234579
38.603575
56.729957
56.112005
65.177585
75.245989
50.748289
45.367602
50.470242
41.306223
40.428352
49.687594
51.058514
46.37188
46.927689
76.76988
59.002862
64.394872
64.154516
45.998692
52.710648
52.228653
49.133687
55.642538
56.068704
57.30946
52.275048
48.125695
46.775743
44.095149
44.895956
57.118771
69.701136
54.486936
57.684869
59.148641
67.667599
49.051179
47.272441
54.367032
43.345069
40.804444
50.290595
41.258766
54.341017
60.123408
47.694394
52.22784
39.093055
44.342284
45.012296
56.236864
54.20683
53.288003
50.136396
29.212082
70.505659
43.611138
46.082949
47.827959
