49.435297
60.588629
57.613461
50.149452
49.962463
63.517068
67.946213
62.969191
48.224399
50.57189
61.035382
52.233283
52.92406
51.85921
57.782751
55.649864
63.045551
55.819658
60.318629
60.017843
60.434791
57.268578
53.274273
68.826749
68.2697
69.726759
60.599765
58.529832
65.742139
64.954599
56.963443
49.799423
71.735204
52.931813
55.908602
66.383852
57.024816
68.334303
62.671918
67.716051
70.211455
73.791001
63.921573
57.080155
69.63149
49.177537
67.27701
67.778033
76.120266
83.584459
61.416615
57.096339
58.916845
39.822789
52.095389
63.055968
63.879969
58.893528
59.173641
84.183223
71.915248
75.517815
75.184735
58.286861
65.945426
65.299482
62.222434
67.974566
67.897428
69.574995
65.664015
52.1347
56.559879
56.227965
59.108971
65.669107
80.199639
66.381891
67.790923
70.694612
78.031491
61.094604
58.970294
67.211048
57.879547
51.190619
65.319861
48.541311
64.386706
70.063332
57.612685
63.313149
51.541209
56.709057
52.150667
64.13787
65.279221
65.200901
59.283894
44.535927
76.063395
58.147593
59.799472
61.207825
