64.177922
64.08346
75.148611
69.546185
68.689485
76.819681
81.549544
76.024016
60.938999
64.225657
76.823586
70.490631
69.38111
61.026053
73.398188
73.823745
76.880534
71.346128
63.233722
72.208068
74.453759
71.747037
67.687825
73.131147
80.567186
80.464564
71.326093
73.46173
80.679048
78.842987
65.563159
70.862039
79.638231
69.597842
67.01845
79.166471
72.336967
77.469192
77.920165
81.336446
82.813809
85.82205
78.142043
72.01658
84.016628
61.280196
78.467809
80.730274
86.69898
90.820391
71.639446
72.74792
66.327758
44.458768
64.661503
77.371683
77.233311
75.105671
77.224759
88.876165
82.148495
86.817411
86.788394
70.457097
80.162067
79.760483
77.708701
79.699208
81.978346
80.720009
77.47935
72.914194
77.104313
70.810382
74.281172
74.575975
87.875976
79.627336
78.255513
78.423258
87.482211
67.00866
72.490009
80.754777
67.723045
63.343894
77.542744
56.031277
78.953802
81.585886
70.0491
69.030105
65.505698
71.474728
77.955121
79.282232
77.750246
71.183265
78.175393
65.804789
81.586317
72.259094
74.1332
75.252904
