67.988672
66.707783
76.354387
69.7022
69.575167
78.667958
82.187632
78.975875
64.849766
65.375735
77.552515
71.064496
71.166228
62.368714
74.890172
74.323035
78.647574
72.19601
63.582918
75.017579
76.250406
74.071144
69.549441
75.193819
82.065392
81.81562
72.937623
74.496435
81.003837
79.427237
72.48022
74.70095
81.943542
73.892995
68.9397
81.902714
74.410079
79.123213
78.631175
82.140885
83.410951
86.969948
79.683973
73.534076
84.870443
66.340116
81.157659
82.018073
88.538363
91.408813
73.429248
74.998904
67.764337
46.732094
68.832696
78.92432
78.707604
76.031854
77.550845
89.208101
82.817525
88.211308
88.046506
73.960656
80.664931
80.348161
78.881687
80.618805
82.831805
81.318166
80.564876
76.039112
78.726612
72.75205
75.871647
75.214351
88.990458
81.212412
79.47813
80.66737
88.614671
68.406391
74.418083
82.414743
71.012094
66.038382
78.840844
57.425902
81.6243
82.365974
71.993461
70.498232
68.835419
73.87179
79.732951
80.130121
80.81539
72.650266
78.752357
65.817189
82.28964
73.480527
75.0231
75.585808
