77.532803
84.005918
80.010705
81.272512
79.752712
86.033958
89.398935
87.329236
73.48252
72.534415
86.938249
80.048429
76.040661
81.02141
83.941317
83.877364
85.043731
82.396667
79.465681
86.515714
84.29245
81.993214
77.274305
87.909805
88.365812
86.107551
79.018738
82.281615
88.454105
87.743603
79.921783
82.730122
86.795631
76.139089
83.555986
63.188824
74.409167
86.364261
85.916425
89.34685
90.003678
91.767312
87.313457
81.50847
89.823474
75.319339
86.854768
88.920583
93.504664
94.654507
83.513735
84.347021
86.15535
79.940137
77.97231
86.72975
85.746683
84.351797
85.368661
93.953418
91.736861
93.351395
93.260951
82.308107
88.832742
88.616782
86.911114
87.473561
89.656505
89.995025
87.920924
81.962875
86.170003
80.956881
84.203672
80.425033
94.752944
83.708214
85.131852
85.937965
92.177628
82.014562
82.195726
89.609878
78.025862
73.95196
85.32643
62.165298
87.106762
87.023207
80.374243
76.113203
77.958395
82.945998
81.554624
82.007246
75.450653
88.57909
80.967663
79.531178
86.6376
82.205003
83.29272
83.562155
