83.671507
83.324995
82.625987
84.509289
83.180055
88.955825
91.560849
90.983729
80.081393
75.160385
87.837519
81.937598
85.185279
86.534334
87.093562
86.550266
89.819002
87.186612
89.083942
84.022115
87.383305
85.562959
81.498493
88.198983
91.055787
89.967281
82.043602
84.683383
90.396623
90.141182
85.974958
87.631014
91.266863
81.92491
82.599053
71.626793
77.77623
82.424388
88.490777
91.519807
92.002694
93.945051
90.798406
84.599364
89.672339
78.955433
90.500264
91.540577
95.890769
95.770556
87.484678
88.243249
75.804467
85.241225
84.554699
89.291207
88.939944
87.226564
89.169445
97.130913
94.431406
95.515585
95.637736
75.277492
90.675008
90.927674
89.96195
89.850111
91.694049
89.687671
90.459177
87.83831
89.929394
85.988937
87.834876
81.732442
94.538486
68.309277
90.513249
91.62685
94.115744
76.105297
85.661264
92.437851
72.370946
78.668125
88.017654
63.65853
74.173278
89.243422
84.074963
87.964491
84.49025
82.921727
86.477414
83.448195
91.231518
91.012414
90.075308
83.098096
91.6823
83.666671
85.687947
85.797867
