43.632439
50.086983
36.022818
35.199448
41.553247
42.554879
38.662415
35.52416
37.749408
44.759262
47.043563
36.128437
33.931173
36.734302
35.102506
38.679713
39.380627
40.124375
38.61141
35.69157
38.906743
41.688117
47.29369
64.704411
35.731719
35.963387
33.581262
34.916978
37.517001
39.697346
42.385179
42.811068
41.759043
41.447682
43.785496
40.326043
38.337682
39.117874
34.313636
32.223672
37.20754
35.666661
41.313189
36.508863
37.590613
36.880657
37.532889
36.180315
37.123432
37.112002
46.039362
39.691165
34.753433
38.350493
35.307605
35.572077
45.086354
44.600125
45.745905
46.375885
49.59099
69.344029
