74.006971
73.833357
61.174948
61.388225
71.526751
69.985821
66.055882
63.208082
58.959674
72.80024
73.721584
66.835689
64.839566
65.335128
63.727964
68.43542
68.147649
69.904859
65.123265
56.610245
63.025201
71.459002
64.921527
83.47972
59.852916
60.936579
51.446479
64.063369
65.151309
68.418487
65.953733
67.315268
71.005852
67.913699
66.62457
67.654751
66.901272
66.77994
54.272364
54.722424
64.895588
64.183094
68.993381
64.690321
64.266489
65.629265
62.286195
60.676902
63.352465
62.682495
72.87258
65.801028
61.447294
63.834374
60.279572
59.013993
70.602134
71.163046
71.415265
71.84061
69.404077
82.748189
