83.417227
82.801386
70.996024
66.623182
73.035726
79.994739
70.086865
77.665792
68.413068
82.658994
83.776806
75.835451
77.307858
78.539797
71.902922
78.228808
79.307866
80.40862
77.152232
67.180523
75.492285
81.671344
83.175261
86.269592
69.517844
71.923432
73.048421
68.802514
72.159904
79.601645
74.651354
73.449206
81.347323
80.106115
70.775631
78.752042
75.065398
72.095636
71.550984
71.9954
77.402585
77.629206
80.411648
77.497589
77.948108
77.648504
74.263515
75.84373
75.984475
72.31092
82.607311
77.939058
70.336732
72.561742
70.100834
73.498481
78.006907
81.578464
81.427091
82.194559
84.035438
88.412457
