84.020006
82.312297
74.46192
73.690431
76.324383
83.255468
70.647165
82.948214
72.040214
85.284886
82.866688
82.850744
72.058863
82.218942
75.922026
83.730152
81.826185
82.440741
81.46682
71.812328
80.337264
78.25305
87.195289
88.481573
75.438734
76.619781
73.861703
69.390239
82.023552
83.262564
77.770061
79.337579
83.224785
85.179886
70.959375
82.680522
70.568903
80.491648
68.432912
76.739596
82.270197
82.908188
84.526842
82.605171
82.381511
82.096473
80.714633
82.005261
81.987264
82.352223
85.488353
82.245605
71.459499
79.968872
73.492978
78.592608
81.386998
85.507079
85.491493
86.382192
80.748995
90.574719
