97.785307
95.303165
96.772925
70.397207
83.456369
95.169851
93.629139
81.81662
74.450042
91.797542
86.217142
86.150063
82.270663
95.784072
93.45348
88.93231
93.624015
93.689434
76.819479
72.765983
92.737907
94.60892
95.351157
nan
85.977833
80.037234
92.813368
92.892845
78.447319
87.882018
95.66741
82.153592
68.73776
72.459197
85.562579
84.830055
84.035581
93.737455
87.181603
94.727493
92.918928
91.665745
90.374681
85.721294
82.887701
84.685225
91.372572
88.339326
94.113368
83.786687
96.001444
89.971245
93.099285
92.372157
81.320875
96.076978
100.0
