72.347537
60.58954
77.209616
58.436784
60.390261
70.021091
66.706216
58.143989
61.182991
77.612644
66.15667
69.767982
43.267197
52.215412
56.043468
56.356281
57.821753
54.872005
65.989982
48.485397
54.166665
73.296751
77.323137
63.16638
73.271929
68.650852
57.89008
61.576026
51.47855
52.724389
64.342234
52.328438
39.107941
42.597884
40.739817
51.415242
60.039047
70.486579
67.90269
73.235974
66.541944
57.722787
54.878153
65.961145
59.298815
36.184769
52.300417
59.836706
58.977394
56.288332
68.605463
55.060358
50.77958
50.819738
48.768138
82.234878
100.0
