82.414292
75.836335
85.236297
64.274537
69.795761
79.082527
77.22711
62.747614
69.285082
71.58845
73.491748
66.491716
56.537581
63.569086
66.293417
62.617466
69.461175
65.351968
76.043432
56.049784
64.599404
79.521319
63.183991
69.871785
78.769624
86.181243
77.08438
72.082969
57.446184
65.268038
77.083438
63.649935
49.923055
52.918659
52.091541
58.082507
67.020965
79.508853
73.872397
81.637581
75.253354
67.727716
62.37926
72.799925
66.033477
54.693684
63.199603
64.774336
62.621943
69.93094
76.235343
65.109623
63.906458
62.515144
51.073239
86.467182
100.0
