89.049843
83.975641
90.019086
68.288915
75.603733
86.366821
86.130885
77.07425
73.758896
91.603491
81.077401
72.169202
67.954124
74.501639
82.536833
80.518434
80.907344
72.894553
72.065657
63.243378
58.447387
83.234647
59.530579
72.488131
80.016705
69.534058
71.947085
86.123064
62.082995
76.159099
86.052127
71.982886
57.858033
62.19485
66.071625
64.476014
76.258033
87.047894
81.20172
85.01956
84.505732
79.609413
78.452594
84.418225
78.520519
65.167603
71.355689
82.10979
66.392704
74.889453
87.088857
75.914607
76.234047
75.433075
61.360886
91.628809
100.0
