98.821927
83.362018
95.890572
99.999744
99.675757
92.601341
92.33848
99.627817
76.715259
94.836666
97.985199
83.40887
81.261316
96.981652
88.644581
87.547761
93.152296
87.104748
99.045431
98.719251
91.126081
63.209511
95.68758
87.184135
77.632989
95.225252
80.418695
90.126321
87.191308
79.969764
97.563477
93.663513
99.610249
60.955794
68.043353
99.985548
98.08226
89.708862
93.612198
93.148087
87.751141
99.738501
96.783212
90.141181
76.558322
73.739727
99.462786
99.083808
84.543072
90.444245
99.980005
94.442934
71.504617
98.520566
98.939483
82.989446
86.738378
nan
75.242541
91.76463
83.797583
60.9824
88.661786
93.108906
98.525951
81.711491
92.823246
91.283079
94.185783
80.116319
96.959931
97.626619
94.003651
92.385973
94.53402
88.903376
70.390228
99.193495
91.718242
77.712329
75.564653
78.996194
92.44732
98.277119
98.932262
99.813815
