98.816797
83.302119
95.847687
99.982197
99.517841
92.466618
92.236709
99.507938
76.649134
94.613632
97.703486
83.371415
81.296168
96.865492
88.566656
87.532543
93.110943
86.913943
98.949059
98.657305
91.14571
62.828851
94.69963
86.678165
77.536718
94.874219
80.206074
89.790913
87.120206
79.695852
97.142635
93.295029
99.608158
60.887148
67.917768
99.910121
97.979276
89.710788
93.59168
93.039994
87.648192
99.586717
96.733177
89.996851
76.384857
73.586772
99.201032
99.009865
84.329599
90.249515
99.884355
94.124314
71.32676
98.357189
98.545194
82.69326
86.122188
nan
74.750014
91.274024
83.557972
60.78353
87.692063
92.287114
97.882639
80.938068
92.010533
90.811474
93.821161
79.562543
96.421863
97.343195
93.402133
91.898178
94.227569
88.492794
69.932184
98.760223
90.845881
77.192831
75.098748
78.685622
92.329669
97.992564
98.72047
99.804717
