63.776931
82.897914
61.329637
49.88612
46.30286
40.571041
45.438754
37.179698
36.313157
38.489702
35.603804
62.933409
64.395729
46.933218
66.256439
76.206942
61.038515
43.155193
26.290091
51.494996
67.075919
37.523601
24.251433
39.441767
41.421475
37.585548
38.709041
31.728909
55.975493
35.965631
33.726304
53.821073
80.251808
30.946529
61.475197
27.798075
55.734752
59.425936
76.11538
41.014582
49.506129
49.857524
52.282191
60.054856
44.626216
42.029368
40.053982
68.632445
41.140469
48.204941
60.200484
42.020233
39.085165
47.509352
26.366001
41.081328
14.058729
20.928918
21.524021
32.583756
39.234442
36.789874
22.194593
23.708782
19.784453
27.959075
17.630302
32.866452
35.019456
13.739399
34.695492
48.788014
33.160286
41.862788
25.752357
42.399768
23.518443
36.396421
22.34073
21.390053
27.630689
41.388793
35.71527
40.94136
40.868989
67.052748
