92.22857
88.390749
86.696366
75.12386
67.247479
72.552399
72.484753
63.82005
63.90311
69.695292
74.712733
85.437124
69.544032
84.548248
77.8973
80.925794
85.306218
79.281011
77.477077
72.939942
91.232229
65.664533
66.857433
63.547075
65.355226
74.568567
60.453212
67.693572
69.900875
60.541425
74.596091
78.977919
92.976762
48.713534
59.926378
51.271852
82.967658
80.921395
83.70089
75.849241
69.944644
81.222594
80.678007
84.96126
67.171024
54.210635
71.645418
83.071826
70.076465
73.26014
86.782065
73.611874
52.937535
87.717197
46.831621
70.514222
47.433544
41.946641
53.894147
69.096251
60.662674
46.124723
56.743072
70.974666
77.372682
70.261776
68.511233
74.087372
72.619569
55.07448
69.17883
87.22519
72.879572
75.754006
63.581836
80.781685
53.219605
81.956386
50.106149
59.364146
59.893461
72.098766
75.974604
77.635937
75.646844
91.884558
