90.555029
97.682587
95.032706
86.636935
80.473425
80.992459
80.746236
70.370868
70.537664
79.222872
85.118278
80.916556
76.538034
91.425535
77.333444
84.763773
87.435228
88.593164
87.804068
78.319883
95.839971
54.227691
77.926341
69.599253
87.324064
83.567724
68.267479
78.760181
72.964921
73.165884
83.948101
90.195105
98.453898
53.621467
77.428916
68.685687
89.202888
95.357385
86.033207
73.136772
85.6626
89.308862
88.0284
81.92405
82.548443
64.136023
74.00294
82.172428
76.669244
73.70096
92.03954
86.187537
74.842558
92.729989
91.393348
76.117272
55.777033
70.676994
62.343638
80.234064
65.340368
52.376825
76.185298
78.539195
86.4152
68.705257
77.342516
73.270243
70.326369
66.064839
54.644049
79.672304
82.334848
88.007585
72.155929
88.996241
61.060107
89.384899
58.626625
68.0943
67.259333
79.210215
66.227679
87.434645
82.511006
81.301384
