98.499997
97.022288
96.30309
97.831564
95.457643
97.491744
95.334999
91.936991
93.544607
97.196794
97.412314
93.240814
90.483629
95.998685
95.371933
97.184906
95.988771
90.462806
96.519473
95.083261
87.906576
95.021772
97.874822
94.548991
85.677301
95.834465
97.450067
95.494869
93.351954
89.498673
87.316979
75.519783
97.189974
91.191304
96.787578
96.85607
96.432148
96.753318
94.171739
95.333194
87.736732
94.508999
96.67242
91.172472
96.34904
96.261314
96.461345
95.288765
96.822734
94.146372
95.318258
96.700243
99.388996
96.81214
