98.621137
97.136115
96.684214
98.090093
95.589181
97.709814
95.802554
92.246642
93.771587
97.340375
97.659343
93.80388
90.817517
96.489004
95.80711
97.413186
96.427321
90.788033
96.941511
95.336583
88.286016
95.320091
98.186558
94.884621
85.837509
96.029689
97.763646
95.928942
93.819203
89.733568
87.627428
75.981261
97.50946
91.571741
97.155927
97.140216
96.704372
97.039942
94.459538
95.617826
87.992333
94.835742
96.887718
91.35153
96.66805
96.614572
96.792505
95.987605
97.227181
94.460234
95.66099
96.880086
99.391817
96.843405
