68.88957
59.113599
60.980586
68.362911
67.855817
64.709687
61.551852
64.154075
66.10435
68.782579
73.627283
64.806781
63.282473
67.307863
62.371633
63.969949
55.128349
67.371448
66.902199
71.45622
58.998797
69.046407
61.966143
62.360678
58.914351
65.093534
69.285474
59.954261
54.789921
57.791523
56.972152
52.051578
69.156843
69.540502
72.453631
68.240139
71.653359
66.059331
59.072021
56.585949
54.739809
52.855163
64.502925
58.101217
63.160148
56.150007
58.880912
56.923485
57.745681
57.205299
59.912465
77.402778
88.507554
40.062165
