76.597153
69.202212
70.72546
76.984733
77.103417
75.267643
72.120461
68.676681
74.915868
77.82128
80.456544
72.607449
72.506137
76.215977
72.265444
74.316253
67.334969
74.978948
75.449492
79.397337
68.063341
75.580606
70.605971
73.650761
67.678957
74.185356
77.946982
70.467009
65.815898
65.681968
69.462716
58.245025
76.196162
75.618866
80.342684
76.595775
79.734956
74.24591
68.754029
67.178244
62.280849
62.797082
74.928575
65.784332
73.597005
67.775597
69.936277
67.410501
68.011104
66.922611
69.577509
82.769375
90.411186
49.990055
