85.470177
80.733054
83.759097
87.195781
86.69789
85.752967
83.879792
85.080395
84.452928
87.238821
87.800832
82.660244
84.620718
85.407771
83.525122
85.376147
80.802066
81.135311
85.313007
87.21651
76.078955
86.205099
80.544969
83.08933
85.078503
83.452872
87.281554
78.820442
78.789944
78.956083
78.526263
71.013681
85.467216
84.217237
88.795028
85.825384
88.24885
84.211608
79.783628
80.147136
75.490453
75.588623
84.172706
77.535941
84.1715
81.074539
82.239612
80.238065
81.556795
77.744692
80.454251
87.901695
93.483062
65.991456
