90.131054
86.860827
88.760142
91.694157
86.476274
89.918921
82.864159
82.167093
87.593917
90.929793
91.123178
86.158572
88.800397
90.326253
87.524622
89.595739
84.351511
84.556857
89.696127
90.802501
80.715029
89.619528
85.75071
88.018668
91.248121
84.38648
91.01102
86.370946
85.048861
82.960571
83.391797
70.765812
89.016033
89.804276
91.768397
89.434543
90.850227
88.830369
85.32603
86.480158
81.449046
78.576744
89.335485
83.283779
88.969758
86.802372
88.05986
86.331746
87.67025
81.851372
85.835113
91.701146
95.911624
78.706087
