91.733746
88.682221
90.931955
93.363939
90.099916
91.428927
91.582875
86.909534
89.69069
92.267483
93.223099
88.422275
91.005369
91.76083
89.788113
91.426243
88.372305
86.176881
91.795383
92.3873
82.469356
87.128052
87.61212
89.868269
90.915686
89.201578
92.642103
89.369544
87.742752
84.487151
85.480291
72.485527
90.654797
91.363937
93.39641
90.861897
91.921533
90.780661
87.244393
88.905812
81.404854
80.059286
91.3658
85.180639
90.733009
89.04364
90.267171
89.426224
90.233397
83.282641
86.537888
92.900448
96.544693
81.966036
