100.0
95.236666
79.152483
86.270105
95.853647
94.537466
88.61391
93.643138
93.259013
71.819023
91.919795
92.861635
92.360103
93.48877
92.136349
93.579366
68.332374
92.183828
72.516929
92.693387
84.058389
68.10987
89.178076
94.214438
93.473065
82.738941
65.452056
82.274894
82.846291
77.379641
92.451314
91.277505
92.247873
93.431832
81.586734
76.013368
92.933924
78.136746
67.480615
91.690138
87.979122
92.546396
83.752674
90.007791
94.842712
81.218118
81.618408
95.917798
91.918905
80.79709
69.01382
92.710132
92.257802
81.907798
96.179041
95.00348
89.120078
92.039079
86.873571
87.415616
95.111737
66.710126
83.533065
94.837432
94.674814
79.108255
94.204636
94.430739
92.100615
82.270796
95.991529
95.445055
95.531443
97.029442
98.632182
