100.0
94.533539
78.514264
85.325342
94.995662
93.951871
87.663321
92.489467
91.720736
71.195408
90.751063
91.839645
91.061089
92.17367
91.01884
92.527879
67.599224
90.084039
71.177909
91.101744
82.909283
67.378692
88.074152
92.674857
92.637494
81.786563
65.066555
80.996679
81.476221
76.254348
90.631648
90.033638
91.398327
91.834764
79.820137
73.939455
91.218904
77.192142
66.835863
90.546738
86.886381
91.254625
82.783636
89.362633
94.292109
80.81737
80.497913
95.235473
90.437172
80.029916
68.639107
91.704518
90.877853
81.042756
95.270568
93.778929
87.871715
90.212677
85.678431
86.523823
93.696711
66.013142
82.772827
93.116426
93.504681
78.145765
92.896185
92.725348
90.337828
81.517703
95.410362
94.82667
95.118307
96.836529
98.625696
