100.0
49.140118
45.337726
46.095226
51.848744
55.776809
39.198438
49.029601
36.264327
43.80314
48.821373
44.917413
47.165757
34.816711
44.692186
43.573192
46.947468
42.860846
41.912764
47.024906
46.01719
43.229478
50.482435
46.428988
47.311809
49.28074
41.735875
45.751548
43.639098
46.037446
43.353055
45.235725
48.382567
46.793337
43.480004
47.1171
38.089989
47.381732
52.256292
49.515601
45.944393
43.48096
50.033375
44.291129
49.798197
53.384331
47.369935
54.211665
50.006199
44.218936
47.792235
52.204728
48.945559
52.955105
54.149013
41.850442
48.732138
44.77047
38.48281
39.687929
30.629695
48.065549
46.047999
42.41225
48.708864
41.223283
49.979884
50.191906
46.310398
53.824247
55.044722
64.249997
59.077715
56.793496
68.215818
