100.0
74.23563
65.022875
69.143108
63.08349
79.22403
73.786567
75.254953
75.378876
75.890044
74.584569
70.492893
72.773482
63.718967
71.747968
72.623139
56.158255
70.767494
70.525325
73.277613
68.341062
64.343081
74.705834
76.439616
75.194905
67.546617
67.635407
63.964442
71.532634
68.400249
62.821634
67.922544
71.262505
74.199158
68.25032
73.340989
72.287241
73.663284
78.12684
74.545414
69.213607
59.556327
64.902941
65.877151
74.802921
66.811738
75.215539
78.753099
74.363745
65.711268
70.654774
76.154311
75.001745
78.059224
80.422901
58.495997
70.751115
72.445104
62.545174
60.230445
75.455682
46.986782
66.435199
58.271678
76.175557
68.019344
75.514622
77.447478
70.928211
71.826881
79.212777
84.700463
72.32985
80.272934
86.156116
