100.0
72.10687
63.042123
66.681806
61.115065
77.909325
71.580343
71.743558
71.693533
72.711089
71.579953
67.76153
69.168605
61.223906
69.075484
69.7627
54.173001
65.179532
65.569588
69.627729
65.471073
61.739437
71.637157
72.767955
73.263649
64.826459
65.60083
60.689238
67.083865
65.268001
59.438456
65.240747
69.388406
70.653106
57.099381
67.958665
67.802324
70.370714
74.774599
71.841455
66.774556
57.711818
62.919116
64.395924
73.363601
65.35343
71.558823
76.80593
71.435686
63.709473
68.902279
73.67257
71.852125
74.873117
77.459543
56.854157
67.551258
67.789154
59.762879
58.55396
71.895766
45.343108
64.530658
54.798118
72.734361
64.601652
72.207392
73.489534
67.234542
69.77752
77.992169
83.340247
71.556665
79.876877
86.148172
