100.0
85.733604
79.059263
70.910191
88.730216
87.435744
86.093409
86.117837
80.305068
73.644873
85.06087
84.319087
77.3071
67.652597
65.912588
84.625847
86.232819
85.409751
66.65675
74.398401
72.499144
58.009155
68.832037
87.801897
81.632233
85.550915
86.524173
85.675047
75.557482
71.719418
65.16765
71.753557
85.683159
85.806512
71.393152
85.355778
85.36987
66.643672
87.928544
84.900462
76.168092
72.682424
82.090143
81.567697
85.521627
87.606073
81.261562
82.106016
84.69808
73.777126
85.866801
69.074286
85.419334
88.276298
90.327262
64.858804
74.798829
84.877249
71.976751
81.397399
71.267706
60.27346
81.812057
86.689029
87.267655
76.777701
86.874988
87.636635
62.666308
86.452612
89.254193
91.654982
89.071715
89.299826
93.067506
