98.76956
95.162475
99.97133
99.48017
95.429597
100.0
99.460561
97.513512
99.228324
86.150112
92.989328
85.356373
99.06664
99.309201
99.730111
98.970749
98.350252
99.931125
89.917051
91.812936
94.138149
99.801922
99.468506
88.785543
99.755441
96.574473
99.97359
85.131468
99.953641
92.405447
94.997056
96.585967
93.782506
94.734437
99.520727
99.915259
100.0
98.965116
99.294992
99.517334
100.0
96.29911
100.0
99.865313
94.405538
98.498328
94.605145
96.899024
94.258652
81.099711
98.437374
99.357966
97.04023
99.49316
99.29066
91.797499
98.72965
99.573967
99.754989
78.959874
99.981332
90.420189
90.27642
99.574841
97.823337
99.973414
