66.805123
70.786614
79.599182
77.185351
74.051158
82.30954
69.554075
75.661034
62.823323
64.613723
65.403909
47.446928
65.285169
78.852658
73.88873
67.161925
77.726922
61.291677
47.43543
63.022944
68.041981
84.822111
62.258611
77.07854
73.103432
73.732956
80.817473
75.151336
80.815458
61.174877
72.112433
74.890952
64.273865
81.553234
71.210394
78.121097
87.179765
86.08474
82.323021
86.670849
85.115001
80.918697
79.663736
83.577206
90.973323
85.123219
84.797148
80.311011
76.8457
66.846059
74.761306
84.291795
69.115556
88.427165
90.227933
69.012102
77.202309
74.415649
75.474189
66.136826
79.17755
81.807269
73.190399
77.437507
76.830573
58.369734
