84.534539
83.448259
93.282373
92.349316
87.889617
94.789552
87.010828
90.62257
77.717219
76.639435
76.649922
70.612055
85.391622
92.604548
90.048917
74.164712
85.007597
83.4769
69.612098
74.574925
82.061326
94.623992
76.527146
93.032892
92.830112
89.097811
90.469858
87.981579
90.995175
81.443797
87.104408
86.715547
82.750744
94.124128
87.014244
90.909705
95.483382
95.100742
89.34354
95.442469
93.368958
93.289821
93.153631
97.15184
97.692576
95.668785
91.571673
92.157582
87.881001
77.035976
85.739254
79.96897
81.657047
95.423634
96.55442
80.237146
91.500704
87.39912
81.556611
90.32466
81.445815
94.946868
86.095002
89.484064
91.274396
82.586609
