84.282244
83.226905
92.866441
91.568921
86.98425
94.196618
86.746901
89.172614
76.667745
75.303659
75.623749
68.2192
84.006177
90.885342
88.497174
72.875899
83.561658
81.96049
68.485178
73.123144
81.206147
94.055405
75.788887
92.103626
91.884571
87.902293
89.757251
85.303456
89.966777
80.331206
85.915321
85.933587
82.153775
93.252826
86.401192
90.386213
94.912568
94.608251
88.865814
94.960897
92.89657
92.899554
92.873829
96.621101
97.200977
94.789883
91.346963
91.603956
86.941766
75.408539
84.762017
79.14022
80.826047
95.010489
96.380786
77.880164
89.829685
86.405617
80.244474
89.177505
80.532188
93.962591
85.250269
88.792991
91.085788
82.581726
