91.215398
90.537752
96.839888
96.592243
91.251646
97.641036
95.336722
91.77288
87.693861
83.74567
80.020114
84.344984
91.951859
96.387697
94.905249
94.943058
95.137437
85.879879
78.782581
84.503612
88.929868
98.062008
94.944192
95.058977
97.23757
93.029656
89.305281
93.621648
96.889751
93.764608
88.129864
84.970802
90.777662
96.151769
92.736703
95.189031
98.23248
97.529945
92.555025
98.396374
97.970276
92.575393
97.904811
98.683683
99.144037
97.057577
93.441884
94.627547
90.995581
84.487872
96.373324
87.633166
81.792008
96.841593
97.910888
85.460833
94.516289
92.838249
94.273254
83.459813
86.176275
97.356445
86.445539
95.496736
95.494214
90.736612
