98.933217
98.390926
98.108366
98.953449
98.565246
98.204289
98.280416
98.226018
98.223574
98.361423
98.261567
98.427023
98.224115
98.59096
98.435968
97.992559
98.012537
98.191336
98.160022
98.60981
98.544482
97.999743
97.996264
98.832058
98.511781
98.563831
98.243502
98.490906
98.031747
98.090805
98.854847
98.836493
98.601466
98.132449
98.2781
98.167572
98.425209
98.025917
98.372864
97.799296
97.629124
98.67086
98.547258
98.178078
98.056672
98.21765
98.258541
97.859413
98.163519
98.627444
98.624285
98.367296
98.183547
98.206713
98.096184
97.789462
97.964078
98.168948
98.309757
98.139146
98.225236
97.940814
98.12302
98.146994
98.102827
98.262677
98.43509
98.384063
98.267692
98.031229
98.95563
98.643664
98.229118
