26.50513
25.320913
34.048732
27.210981
29.98178
33.710682
33.772171
33.83221
33.456386
35.089677
33.945003
32.29843
37.021483
35.76654
34.908038
36.366894
33.926098
34.697729
33.873342
34.033072
32.937216
34.705958
34.022911
26.701801
31.654542
33.151061
29.319836
31.094076
31.489994
34.313654
26.900563
29.801276
33.488465
32.98602
35.854179
35.170228
33.321034
35.86546
38.363328
36.701346
38.51182
39.331443
31.925121
36.127602
36.695709
34.996759
31.580877
37.176937
34.535242
32.197037
32.506146
32.283191
35.716245
32.857629
35.459109
34.715554
35.236675
35.341267
32.202319
33.307127
34.570794
35.202199
33.906133
33.87997
34.084122
32.166145
33.336112
30.762
33.433501
33.93157
13.42467
23.95537
26.703429
