41.283761
38.081594
47.827988
42.928705
44.575451
48.370479
46.60829
46.546415
50.453623
46.300392
48.647382
50.049647
49.707885
47.931738
47.564276
49.638679
49.240838
47.312305
45.590975
45.747873
43.748452
47.907498
44.768928
48.314923
44.087275
47.535601
41.069355
43.49934
46.19478
46.828943
49.757489
46.12476
46.743405
44.104929
48.969279
46.506608
46.547843
47.95503
51.009443
50.538267
51.090029
52.329364
43.549616
45.020817
48.994055
46.553288
43.289647
49.564591
47.322338
48.422304
46.436909
44.527137
48.580846
46.89705
49.409171
48.047751
48.304276
48.008764
43.778632
48.520878
49.229555
47.331536
45.965441
44.713174
46.780222
42.071333
46.816744
42.685508
44.388845
47.165618
22.197234
38.175034
41.533752
