49.495835
54.925981
61.829694
61.51185
60.922661
65.547522
63.227922
63.649403
64.832885
60.191443
65.795452
67.482262
67.396173
68.408346
64.512805
65.938808
66.154037
64.970778
63.435418
67.634847
61.699406
65.861392
63.235347
59.956925
64.860082
65.699988
56.585451
60.987988
63.981924
56.801094
68.091612
51.992245
67.842516
59.664842
65.972096
64.285221
63.960262
62.732933
68.024158
66.316879
67.43717
69.037071
59.247957
65.476833
64.455255
67.360279
60.30075
65.23846
63.755835
66.302191
67.667852
60.767851
65.011749
63.533832
66.054853
64.469927
63.353197
65.103033
62.315758
61.911299
66.408773
62.508328
65.211679
60.27373
58.692739
64.889867
64.880683
56.208857
62.089166
64.775516
33.457204
55.739504
60.692318
