70.882429
62.86732
70.242212
69.320858
67.037457
74.093511
69.604573
74.209507
76.691334
67.296852
74.604822
74.175685
71.33343
68.949036
76.402384
75.529385
75.143134
73.872759
72.263363
76.045737
66.966322
75.186276
71.762804
68.220189
74.474101
75.413061
63.569218
69.862595
71.98866
66.308417
57.549805
62.636303
73.363307
67.849372
75.095199
75.448999
72.100729
75.915883
76.253496
74.192234
75.764895
77.129812
72.818361
73.837685
71.168954
67.311133
68.688091
73.998533
66.898466
70.036423
76.308349
68.596667
73.604949
71.874863
68.961044
73.577843
72.479815
74.140394
69.026033
71.87837
75.640987
74.357102
74.59874
67.44536
66.822023
69.424684
73.945712
67.249164
67.247353
69.216241
36.649994
65.064706
69.176854
