76.239393
67.187239
79.42353
73.746202
70.961792
78.858972
75.788924
78.629948
81.238106
75.844023
78.988183
81.448476
79.310563
76.469525
81.927063
79.864935
75.733391
76.965001
76.953132
81.506697
70.946822
79.838227
76.052316
72.824049
71.000243
76.860092
71.808143
71.288654
78.418437
70.072631
82.005269
70.438392
74.394161
71.591317
80.017014
81.010978
79.377876
80.253483
80.069744
78.015644
80.027575
80.893998
79.126913
78.131797
74.723496
80.430244
72.389786
79.195596
70.602389
74.651656
76.60002
80.532603
77.658115
70.998551
71.668513
77.735385
78.389595
80.827292
70.307077
76.522193
80.165574
78.483355
79.047281
71.153584
74.504732
79.471963
79.503774
71.35373
78.622694
76.727834
41.824015
69.604493
73.398253
