86.212695
87.680368
94.600739
93.915569
90.783492
95.20282
95.208637
91.600984
95.09538
93.809971
93.891481
94.977776
95.190166
95.144795
94.113042
94.361067
90.860948
94.232486
89.366092
94.410687
91.661372
94.479905
93.480799
93.608234
94.596906
92.776714
96.56213
96.943743
95.170156
95.363166
84.377036
91.866483
94.584376
93.572553
95.01422
84.995675
92.089806
89.138708
86.239715
93.553294
94.582351
94.975098
90.401877
94.380714
92.674425
94.677465
94.911051
94.774584
86.515992
95.187252
94.556123
92.135956
94.373676
88.257451
89.602675
93.57531
93.862007
92.640754
92.644451
94.307113
93.73771
87.667413
85.429771
89.676399
94.193274
87.798334
93.254777
89.050507
94.148817
91.305755
85.077363
91.069305
94.572019
85.924676
94.910952
92.863679
85.082679
90.998539
95.479116
95.110632
87.672199
95.334738
80.839925
89.330755
90.007007
95.068249
94.465021
92.868021
87.08073
88.165804
90.980048
92.737954
94.098483
93.07182
95.450011
93.432708
92.97645
91.772086
95.885119
96.273461
91.387582
87.502074
92.958737
92.459654
93.074234
93.099679
95.383396
96.784883
95.889208
96.440674
95.760652
96.08248
92.298949
81.835397
85.03034
87.048441
88.8945
95.892667
86.732027
81.867786
89.060517
82.851412
88.653156
94.05443
94.784568
90.940287
82.986547
94.214263
88.990392
84.040083
87.729016
95.080797
92.784715
92.460844
94.95398
89.846187
88.341704
86.281958
86.932628
95.989297
87.371985
94.328289
93.46614
94.807519
93.631655
92.227766
92.849928
95.172021
91.237618
94.369095
95.018292
90.599907
89.969647
92.941619
83.926074
95.66178
90.967122
95.138314
82.002999
95.311361
87.140956
87.422482
93.476003
93.09615
87.117784
94.444676
94.740137
95.701128
85.71452
94.49995
93.796494
87.572981
95.965524
96.454807
91.769303
96.683287
96.414285
93.29141
96.550385
93.905332
94.785407
87.684753
94.08068
94.425356
88.30515
88.52654
90.078328
80.036907
94.105494
94.605106
82.398618
93.722159
84.266991
93.361684
92.824922
84.764831
94.911298
94.140675
93.05502
94.096286
94.149551
92.970352
96.324066
97.765016
97.148131
97.145927
91.45054
96.166079
96.464243
95.623868
96.62062
90.072948
94.665061
94.806384
91.404133
79.413192
94.512763
92.94973
94.528361
94.338149
92.349486
94.839974
96.386322
95.586592
93.940406
95.429305
97.273521
97.686121
97.211424
96.86308
97.91268
97.803634
96.23722
