87.343311
88.753189
95.703384
95.004061
91.608863
95.77251
95.918362
92.283502
95.81615
94.60248
94.922464
95.812091
95.903396
95.706474
95.255678
95.19417
91.476854
95.055768
89.844879
95.353203
92.216856
95.648405
94.776524
94.923762
95.528166
93.382155
96.699268
97.042675
95.433513
95.925466
85.174447
92.963126
95.314271
94.016809
95.366946
85.517472
93.041553
90.102109
87.259617
94.727196
95.687065
95.723838
91.168792
95.285343
93.352897
95.363131
95.601672
95.976823
87.097517
96.132004
95.632932
93.1661
95.510535
88.834364
90.560052
94.845379
95.289772
94.067981
94.052568
95.233623
94.873552
88.550375
86.123134
90.601721
95.067637
88.647603
94.721855
90.446755
95.202459
92.369777
86.202976
92.061337
95.875335
86.539508
95.333131
93.741796
85.883951
91.832169
96.553732
96.241523
88.34148
96.085656
81.618523
90.314471
91.096319
96.007806
95.547637
93.725635
88.00648
89.56304
92.522648
94.057663
95.365
93.562148
96.216413
93.897481
93.639906
92.173158
96.573132
96.620202
92.302976
88.728006
94.619061
94.179755
94.820755
94.35103
95.908171
97.175294
96.078738
97.045927
96.264738
96.313917
93.108868
82.456833
86.016813
87.919057
89.825321
96.535396
87.516016
83.008845
90.946622
84.128432
89.763762
95.39184
95.850834
92.15096
83.565883
94.957439
89.730087
84.740095
88.663316
95.910368
93.683618
93.575142
95.860532
90.46644
89.473844
87.2619
87.932395
96.592385
87.951926
95.277469
94.983834
95.917811
94.923634
93.87033
94.287079
96.029297
91.747383
95.354492
96.130365
91.782154
91.526507
94.404686
84.733526
96.578185
91.822616
96.144236
82.678138
96.272425
88.208321
88.666643
95.315923
94.72858
88.649004
95.604619
95.941982
96.48698
86.488467
95.74039
95.245298
88.916296
96.221835
96.992367
92.255033
96.923591
96.914657
93.695437
97.207959
94.694434
95.374217
88.482966
95.633348
95.576626
89.306843
89.462705
91.541735
81.08752
95.524745
95.656657
83.297422
95.180243
85.086254
94.284731
93.828284
85.455549
96.606058
95.545306
94.739975
95.502824
95.589394
93.726168
96.834105
97.811155
97.249043
97.23514
91.8162
96.47678
96.906247
96.256528
96.994345
90.750959
95.913341
96.032401
92.512583
80.42723
95.984591
94.086732
95.714723
95.44139
93.378986
96.079815
97.053265
96.755182
94.798281
96.025647
97.853734
97.804268
97.446863
97.186111
98.063691
97.944847
96.41729
