9.818889
12.572315
12.778615
15.235333
13.526854
18.537346
16.554575
17.614725
16.965504
16.522998
10.952777
16.185074
16.945147
18.967339
12.876951
12.340261
16.45599
16.292274
16.835839
13.500212
16.785841
11.728471
12.016525
12.369252
15.754925
19.467671
26.017774
28.072305
23.935172
18.303163
9.094929
10.556591
15.284382
20.023281
18.65904
17.443
14.006277
13.947654
14.008305
14.133928
10.955891
16.804032
17.912334
15.450372
16.145563
16.828035
18.323682
16.323933
16.846557
15.364282
13.479694
13.29545
16.327857
15.900197
11.290395
10.805446
9.827245
9.618825
10.864977
13.907634
11.482005
11.63309
13.958268
14.504179
14.034124
13.054238
8.414692
6.783321
14.86714
12.57834
10.155581
12.045811
12.421346
13.90462
18.628096
14.746179
13.778903
15.281416
16.199158
14.100698
14.210555
17.022948
10.591846
11.303975
14.938229
14.686407
14.666159
15.799887
13.565731
10.402613
10.540376
7.621911
13.900159
17.373459
15.525022
18.570915
16.471161
22.735212
16.45182
21.4318
12.714359
15.428881
10.373228
10.687909
11.244343
11.042455
19.398286
24.440729
26.586652
23.04477
21.554014
25.732748
17.761003
18.235363
10.6137
14.181753
14.061226
19.977374
16.11601
11.398481
8.57552
11.029273
14.020851
12.992685
16.022868
13.759375
16.86897
15.929561
15.495507
12.486623
13.382373
17.092654
15.506846
16.043913
16.30386
15.620079
11.98012
13.730225
14.286355
20.564903
18.550779
17.287689
12.973619
13.880538
12.269906
9.01678
13.139798
18.191798
18.777018
14.80796
14.666537
13.502554
6.660944
10.704895
13.155992
15.043297
16.995264
17.607198
14.846924
17.449125
10.691701
12.156222
10.508117
11.183373
9.364924
13.669419
15.630745
17.852444
16.682769
15.024569
12.60273
8.947903
25.851513
26.143299
19.668034
24.825706
16.007383
18.82622
16.474509
18.905466
15.775497
19.31691
11.835378
15.476775
13.235766
13.1732
10.715848
12.582359
14.061567
12.432249
13.910416
10.780268
13.845452
12.160484
13.570241
16.317945
10.480839
12.025804
11.34691
12.266008
10.092858
17.008082
22.678679
27.130738
28.474293
28.989248
21.982013
23.204255
20.153732
17.70088
21.728496
19.052441
14.119243
13.634916
12.038678
11.146397
11.014614
12.667641
11.585589
15.386452
15.179561
11.791808
22.072321
15.529216
17.71702
27.743223
30.607141
35.041163
32.270471
25.031262
24.661031
24.544218
28.068689
