27.823414
32.921388
34.202707
35.43744
34.377212
38.65506
38.680254
37.353749
38.469867
37.65722
28.350853
37.912225
37.403101
37.903365
32.442515
35.158611
35.831729
31.554573
38.870967
35.445764
36.194881
32.826921
29.395768
29.391784
35.775302
40.023429
46.586475
48.37375
45.116325
36.416877
27.206217
30.4133
34.365432
37.9945
40.52507
38.429756
33.593476
35.177117
34.160876
32.766584
28.323673
38.026834
37.245135
33.288442
38.246056
40.55993
35.579277
31.727934
35.942356
36.767533
36.731885
34.28693
35.11442
34.529033
33.135913
33.071984
29.743322
27.33156
28.4163
28.657789
32.798456
31.49806
35.350068
34.441935
34.474272
30.997735
28.009001
27.528787
35.427192
29.894176
30.49739
35.24669
33.134472
34.325196
38.276279
33.938505
34.226365
39.037196
32.451662
34.500431
34.779943
37.960709
30.90936
32.865551
27.45639
33.605421
35.032319
35.037796
33.646365
29.994208
27.217302
26.127639
30.391916
37.677013
37.359069
39.011915
36.653934
42.205811
36.201412
42.667271
35.008694
33.127616
31.295682
30.466014
28.155608
33.280591
40.803688
45.733945
46.308796
43.955119
42.250526
45.248606
36.079622
38.232614
31.873775
33.052795
34.076983
41.087222
37.171361
29.920342
28.288742
28.898144
33.333756
31.942535
36.431882
31.406335
36.95299
37.806859
34.601509
31.102336
33.248944
34.389701
33.911948
35.771293
36.954838
36.582533
31.947406
33.481924
33.198434
40.803712
39.332919
36.438913
32.373191
35.618232
30.819453
29.768317
29.145167
34.107711
39.445227
34.514942
35.421031
31.016491
29.454625
31.248347
28.707319
37.28844
36.957252
38.123426
36.429453
32.010891
33.953186
31.590518
27.296601
30.443755
22.938942
35.330985
34.664613
34.355857
37.672318
34.060199
32.525708
30.401051
46.683536
47.401366
39.734096
43.064824
40.26755
38.875743
39.007816
41.059031
36.657288
40.159284
33.353775
36.156403
35.035044
32.106193
31.723809
31.733245
33.586718
31.048724
34.509175
30.662674
33.212243
33.325923
32.10174
31.338474
31.991217
31.681939
31.993183
32.012434
27.306403
38.983408
44.354817
46.671024
47.950123
48.112023
43.083885
42.820811
40.407859
33.705964
42.262876
39.407966
35.28262
29.812956
31.958041
28.519629
34.148051
34.755445
29.915843
36.112505
36.208006
29.077797
44.037781
34.683791
39.117352
46.841167
52.375567
55.264034
52.139784
46.511683
44.953024
44.018564
46.655002
