48.593217
54.730238
57.098589
56.759536
54.952368
61.845988
54.938096
57.582819
61.224771
60.416862
49.516922
56.46763
60.677839
60.459384
54.02433
58.062299
58.135594
54.422812
61.729009
57.973194
61.494536
55.59798
55.529713
53.796696
58.772972
63.487153
69.681215
71.024423
67.132013
61.752026
49.649557
52.625091
58.478273
62.819673
63.545757
61.192607
57.308723
57.597754
55.46246
56.505506
56.630596
60.912628
59.836383
58.541472
60.683448
63.563492
61.774361
58.405054
55.972212
58.621487
59.266312
57.419835
58.781095
54.768878
48.989688
55.737899
48.618743
51.134119
54.262107
50.108118
56.522397
48.768888
55.223284
55.549906
52.513725
54.880421
46.128229
52.066941
58.051897
51.499049
52.908988
54.766699
54.911966
58.70272
61.709581
59.376214
57.784588
57.965199
60.428191
57.442501
60.721673
61.505366
54.331444
55.78611
57.608718
58.55426
58.01542
57.413222
56.018043
53.97735
51.038571
51.472222
56.670787
61.070885
61.112942
62.103317
60.340036
65.678918
61.398326
66.025181
56.643418
53.480861
52.471052
52.64215
50.356833
56.695832
63.554397
67.837707
68.797802
66.223863
64.582454
68.316748
55.144452
60.822957
53.238626
58.191749
48.024803
61.469709
60.409066
52.274512
50.407398
51.930674
56.908707
54.957195
59.561972
51.791094
53.137201
60.701645
55.823206
52.400047
57.424138
59.872673
55.080889
58.316055
56.805389
59.161046
51.203707
56.877448
56.548107
63.972641
62.037366
59.626609
54.090802
59.018629
55.691217
52.440399
49.186937
61.643848
62.973127
57.656407
59.947157
56.677828
52.847922
53.973786
49.755291
60.691919
60.173533
61.110148
59.490305
57.40065
49.111544
51.453037
51.955975
54.058764
43.706838
55.360215
57.574667
60.377236
54.445573
59.148787
55.858008
53.698939
67.410047
68.705382
63.379534
64.94688
62.240337
64.210674
62.168283
63.994813
62.261943
55.404755
54.924686
58.60018
56.117359
56.646458
54.287689
54.824759
49.346459
56.487062
57.485782
53.247335
53.219793
59.693391
56.408388
60.36727
55.69853
55.487718
53.707928
54.698061
54.821813
61.830627
65.495806
75.495141
70.861012
71.047603
62.643611
65.238633
62.362505
59.819638
64.825661
61.443591
58.28767
56.560566
55.386522
53.862294
55.969981
58.178695
58.235198
57.724629
58.478532
57.838444
67.044226
58.117643
59.897688
67.092122
72.201317
76.347649
72.329342
68.651173
69.855542
69.102657
69.819104
