53.574624
60.227956
62.244345
61.990974
59.342143
65.010498
57.3747
61.164705
64.847497
64.504417
52.508301
60.082838
64.867382
63.669151
59.004512
62.478511
61.517277
57.605115
65.21215
61.96497
65.275401
61.39464
60.559802
59.396253
63.406074
66.738411
70.525301
71.81476
68.987996
66.244969
53.224716
57.748934
61.999199
65.378616
65.775303
65.013791
61.853535
62.149825
60.785861
61.30884
62.262793
64.948821
64.000529
63.408237
65.045635
67.148569
66.145649
63.307661
59.249587
63.600079
63.8178
62.796923
63.330835
57.524802
52.876155
60.775505
53.315465
57.615516
59.526771
52.561641
61.78116
51.590266
58.952073
59.461237
56.24721
59.107776
50.990874
58.208315
63.089241
55.866153
58.927208
58.681813
59.902925
63.34647
64.3586
64.310763
63.689598
62.241729
65.467777
62.643353
64.95343
65.793805
59.296516
61.277371
62.178686
63.461526
62.727983
61.885445
61.62887
60.050247
57.184974
57.296043
61.598304
64.886442
65.024925
64.776659
63.61495
67.786101
64.665442
68.367928
61.256865
57.949066
58.701721
58.512168
56.062837
62.226353
66.74963
70.207123
69.834873
69.381489
67.327898
69.746522
59.690439
65.587885
58.314407
62.597458
51.27673
64.292
65.110621
58.909589
56.736514
58.261295
62.472812
60.586934
64.564925
56.238941
56.113752
64.458269
59.321473
56.273315
62.43921
63.227528
58.721457
63.505447
61.004823
62.720554
55.499876
61.859196
62.030755
66.850667
66.093437
64.01488
60.494072
63.860452
62.145337
58.090685
52.999551
65.614601
66.754658
62.691619
64.43447
62.515314
58.994227
60.206785
53.299988
65.545707
65.32285
65.713643
64.327219
60.921664
52.924051
55.980821
59.000034
59.77392
47.36078
59.364829
62.4043
64.214754
57.995854
64.194164
62.079397
59.86224
69.036198
70.40822
66.240047
66.284651
65.559632
66.849627
66.234751
67.875774
65.721596
59.651869
60.909196
63.727541
60.395806
61.478513
60.497929
60.973974
52.877278
60.937179
62.971095
59.544913
57.581329
64.229334
61.533572
64.726407
62.063129
61.447188
60.086897
61.268763
60.858735
65.789421
68.481114
76.049211
71.639225
71.51951
65.186346
66.836374
64.759604
63.228903
67.399593
65.788959
63.664702
62.723168
61.052817
60.30923
61.818942
64.395134
63.34856
63.193177
63.033443
63.117214
70.120727
62.920504
64.360344
69.881847
75.427121
77.157848
73.930327
70.686322
70.557067
69.430393
70.766236
