65.788112
73.655686
75.043424
74.624587
75.150538
72.924326
77.503111
73.634017
77.269971
77.017312
65.013075
76.820892
77.243761
76.134366
74.680044
75.737638
73.261321
76.294751
77.669764
76.159223
75.299716
75.310555
73.994928
74.3284
76.304654
78.652452
82.238141
82.728428
80.566429
69.979934
65.173369
73.238184
75.798913
77.903986
78.052344
77.042796
70.867212
75.395663
65.556914
74.044976
75.409828
77.574795
76.15291
76.749678
75.136414
79.591649
71.545858
75.872984
71.121846
66.953328
69.670676
76.560927
75.962594
69.340503
70.452569
73.873509
70.53746
72.168943
72.609292
75.18449
75.066889
62.96116
66.862793
75.325798
72.464785
69.320978
71.901664
71.781865
75.63805
68.513145
73.016672
76.23662
74.78842
67.158611
77.101659
77.062026
74.792878
75.134701
77.891626
76.380227
77.297981
78.000603
72.014521
72.708741
75.114463
76.603126
75.621743
74.905686
75.428431
73.175407
73.871095
70.606338
71.761204
76.573982
77.282614
76.742524
77.1776
79.939411
76.297166
79.324887
75.646107
74.540859
72.539882
64.607286
72.282545
75.008671
80.456496
81.72774
80.915138
80.50845
80.070965
80.670875
71.414327
77.847553
74.632483
71.198663
64.72406
79.546612
77.096502
72.835308
70.526512
71.736194
75.355213
74.07227
76.991235
71.498647
70.337074
76.707329
66.454952
75.782889
75.162719
74.580662
72.514291
72.043083
77.210941
72.634165
66.043156
74.24429
68.529576
80.288114
78.619862
67.911826
73.951052
76.524799
74.547373
71.834695
73.524778
76.180966
78.85581
76.362266
77.703972
68.969602
73.00015
73.351656
65.579473
77.974772
67.363245
72.405739
71.83273
78.094795
64.787989
73.71028
72.547107
72.875431
67.857153
72.001543
76.797225
80.559647
78.227462
76.623511
75.176153
73.215274
82.033997
81.727098
78.907428
77.624836
78.990655
80.230931
78.423917
79.724315
78.619063
68.406648
68.130685
76.290608
73.337237
68.81542
75.199893
70.787084
75.044664
73.673239
76.222649
73.965843
68.057483
76.825658
74.55828
77.372672
69.004957
75.830872
72.869048
74.353865
74.400538
77.552891
79.999896
86.90076
82.754453
82.443368
76.551746
80.589383
77.394226
73.9375
80.620176
78.706297
76.082821
75.922467
72.502934
74.027286
75.261746
77.286817
76.448879
76.449189
76.382763
66.746392
79.816312
77.687494
67.56479
80.005294
84.904017
86.416473
84.051701
81.627795
83.06927
82.152337
82.541258
