75.355525
67.395598
82.325115
80.917043
81.28474
82.804822
82.950546
78.741155
82.603533
82.051064
69.860941
82.912096
83.24231
81.025371
82.137945
82.08356
78.377995
73.371141
82.621989
81.607531
83.574603
73.6727
81.636293
82.118071
82.877342
83.687036
84.999328
85.637138
84.855402
83.53686
70.966189
80.892566
81.206349
83.041968
82.92407
82.853854
82.906836
81.86639
78.621872
81.638908
69.00454
83.41883
84.703192
78.938753
84.075845
84.548201
76.340467
83.146654
74.89961
83.330068
83.390495
83.656638
82.690946
73.915842
77.057072
81.713192
82.471458
81.095271
80.60869
81.742887
81.922711
74.696865
72.177984
82.263705
82.043635
79.495868
71.713496
73.485268
82.440628
81.68875
81.902041
83.489429
82.933514
72.194335
81.242225
83.6654
81.40891
82.859955
84.566731
83.5617
83.887205
83.857728
64.67586
76.739711
82.535821
82.825276
82.957371
81.097514
82.853638
81.620124
79.936834
74.622517
83.049
81.252801
83.3671
81.591396
80.219194
83.650832
82.109868
83.067689
82.748929
82.688978
81.006974
72.135473
81.684461
82.905845
82.371232
85.875053
84.189452
82.283902
83.654106
85.192268
83.438101
84.218525
82.161318
82.879208
70.069604
81.031171
83.649585
81.581108
80.041331
80.538454
83.392292
82.220661
83.460087
79.044838
83.598914
82.453052
76.656448
82.442803
82.277652
79.535826
84.033595
83.283089
83.734671
79.944669
73.28702
81.829763
82.634295
85.206838
81.058759
75.867368
82.239404
83.92009
82.612199
80.27101
77.897728
81.944201
79.314454
83.11212
81.652491
76.117446
81.780064
81.668464
74.229746
84.596576
79.158361
84.230008
84.226438
85.36927
70.513049
82.241383
82.072167
81.742442
65.90138
83.363369
83.83332
85.007793
84.920828
83.816577
82.68582
79.4839
86.010612
83.045097
78.302431
81.380395
84.197586
79.31432
84.2887
81.356199
83.30431
76.78987
74.753217
83.293161
80.102832
74.622271
83.301164
79.144381
71.33099
77.024326
67.253618
82.837328
73.926546
81.894434
81.503454
73.68666
80.749897
83.681919
82.190223
83.022698
83.001384
82.51021
85.337147
90.071555
85.846369
85.32999
80.742154
82.388685
84.471131
77.093266
84.860377
84.789774
83.826001
75.147056
79.906268
82.418229
83.567839
84.974227
83.505449
83.592435
83.669699
76.837172
86.390961
82.885598
81.518015
81.685523
89.078705
88.936454
87.235888
86.489833
86.103204
85.423836
85.689683
