948999
1070077
1053240
1012412
1081065
1064986
1027188
1065566
1045246
1071666
1043196
1081700
1114101
1035639
1097001
1074608
1074869
1119322
1041880
1062556
1045353
1044870
993221
1040093
1052363
1028184
1065433
1104360
1050912
1019737
1076226
1027808
1025653
1053115
1046706
1074113
1082214
1135963
1137937
1027276
1071144
1056925
1028148
1089178
1080807
1041813
1024837
1096189
1117832
1129447
1123586
1128831
1108409
1082231
1085223
1068752
1060628
1087297
1037834
1066447
1018532
1103824
1086330
971227
1025907
1055809
1025821
1045774
1082119
1048656
1047613
1142218
1054798
1082962
902982
696455
636076
736989
621605
