1198771
1384213
1335241
1276397
1355729
1364812
1316582
1377432
1323253
1366664
1334148
1370297
1416431
1335204
1406143
1344971
1356675
1404206
1350387
1351930
1327089
1333764
1264516
1323209
1317701
1294702
1357929
1394594
1346617
1307205
1380167
1313632
1309902
1334088
1310599
1347346
1374422
1435769
1437119
1295566
1363011
1372629
1313365
1378470
1371895
1306443
1306099
1395752
1406785
1421606
1423161
1435854
1405925
1358162
1367201
1334683
1331102
1390387
1330440
1349070
1299044
1397255
1386382
1221490
1288195
1333300
1294090
1300882
1361760
1326414
1326176
1446047
1341287
1359305
1150326
910083
674979
794098
612540
