1742217
1961532
1952126
1812229
1943617
1951892
1876180
2019964
1915998
1971045
1883168
2005309
2020973
1863148
2038296
1980780
1955496
2077369
1895629
1963797
1883508
1946236
1840004
1911943
1919507
1874631
1983020
2002466
1906641
1886129
1949355
1902278
1883300
1898164
1845233
1954876
2035475
2072972
2047819
1800167
1893759
1875654
1902645
1965756
1941589
1876139
1881360
2023420
1997338
2099150
2057549
2101346
2005273
1944100
2025847
1907423
1892504
1996994
1929479
1878748
1838747
1976084
1994990
1747195
1887474
1897243
1929422
1851083
1955451
1860628
1920680
2083047
1983015
2017267
1648562
1314215
1104007
1249763
1043880
