310825
351720
357914
327077
343887
354900
349896
340927
355052
350066
340206
348802
359162
344509
374966
345697
354856
383484
343845
358408
348921
376327
336176
358658
366120
343713
361736
363881
358251
340334
357212
354449
340256
370675
353304
373066
358874
379084
356121
340014
368981
356569
348080
353464
356723
362111
347047
368041
354495
376186
364897
373717
359801
356514
349184
363551
356473
369445
357074
351956
349928
379362
353997
334842
344801
351928
336097
347124
361509
359068
348087
366035
357252
355984
307737
290553
210316
242504
198515
