429962
487574
483999
458190
488126
481326
480740
477663
482939
478985
474446
481077
506253
479759
499173
484457
498682
517499
469234
492090
477175
494804
458023
488275
477594
462338
488365
485935
493423
464224
484869
486277
465830
488734
474495
480762
502680
522459
497910
461008
481875
490512
478111
482689
488519
494336
468932
492155
485438
505896
490259
512441
491117
483909
492000
494155
479953
520464
476734
470715
467268
516529
482918
444147
466666
492310
468993
469032
498074
485289
483604
503962
501881
500915
422205
368677
292065
330264
277623
