728034
816348
810827
743915
830866
777715
782715
777479
803842
807665
774356
815616
824094
756652
830076
816376
810694
858788
786179
802517
778584
810355
745895
800182
785300
765696
819624
807560
807627
769167
810554
789239
778332
807133
799302
813949
816679
857314
813616
775684
793062
824534
789398
799041
799056
823670
789101
826955
812630
846522
820636
854967
810614
807303
799849
802416
792444
812300
771280
780078
779033
840731
823135
725623
764047
795358
778722
761811
801744
828668
772708
851128
811338
826184
681666
533357
321167
386228
291280
