85.866994
83.387505
86.616054
84.610224
86.539065
80.841798
85.196991
84.689235
86.281997
85.26092
87.832281
87.482149
89.473012
78.099713
85.353872
90.373998
90.24124
89.147121
90.758961
91.014852
80.421125
88.33985
78.951314
79.588966
84.948491
90.064347
83.0605
78.886123
82.868139
82.062233
84.500852
68.012876
83.148619
89.348751
100.0
100.0
86.452476
88.613682
88.159885
80.079977
73.541332
89.378489
73.056304
77.47546
77.306291
76.713236
90.484827
76.695802
83.930067
68.963926
88.836902
90.464349
91.525037
91.61836
90.122584
88.693075
88.074869
87.994858
91.121084
87.128341
81.548835
87.891653
86.618518
78.326745
88.84995
88.046891
90.898346
89.478179
88.189726
88.050321
87.904519
88.888082
88.91881
88.286458
78.15892
84.398891
77.608653
84.125961
81.498293
86.372378
86.679168
77.976365
83.103991
83.692313
71.316089
88.502634
86.414252
88.035937
88.005644
82.423122
88.298289
87.762271
79.717711
88.154929
84.110898
78.770887
81.356893
91.997822
82.482625
88.810024
72.286877
72.602808
85.033647
90.506556
86.285954
79.422095
88.635913
85.072742
88.916109
81.453429
84.686543
92.19254
88.351642
89.371481
85.667753
86.278759
88.987729
86.826996
87.226513
87.867615
89.506779
90.143366
79.46457
86.337822
71.272863
83.353322
84.141524
89.688229
86.229301
85.656779
85.649432
82.242037
86.618738
73.234264
83.342142
86.951422
79.171505
82.722544
70.297899
86.801164
88.256924
78.582496
87.779063
84.851718
91.438497
78.566239
74.306249
76.051041
85.020194
85.335589
84.848938
86.983242
74.590928
75.588869
77.6454
80.080214
79.666377
83.679116
84.073615
84.431769
85.478596
84.607567
76.154971
77.104022
77.77838
89.60254
92.80201
93.640209
95.367431
90.82043
93.269038
92.717292
92.913992
91.843308
