88.396037
85.956613
89.331045
87.337234
88.839295
83.278021
87.145879
87.983188
89.848577
86.229997
88.02867
87.619789
89.90142
78.911986
86.869896
90.732693
90.585098
89.729162
91.02615
91.730156
82.176875
90.131637
81.750858
80.485322
85.927504
92.011882
84.090601
80.583619
83.348345
85.270644
87.302457
70.13869
84.418945
91.356451
100.0
100.0
88.2854
90.670942
89.937153
81.375005
74.677885
91.106343
74.259548
78.768994
78.161091
77.328831
91.387804
77.485728
85.964146
70.560433
90.740541
91.37098
92.116664
92.414321
90.725959
89.249499
88.713062
88.525961
91.939327
88.262161
83.232733
90.67532
89.238969
80.004172
91.243639
90.391134
91.11708
89.621507
88.349778
88.277996
88.028247
89.874392
90.35385
89.575802
79.628292
85.88572
79.703028
87.074925
83.991119
89.680518
89.542664
79.978943
83.921163
86.333162
72.90312
90.746629
88.88792
90.044107
89.17377
83.925022
90.381911
90.353672
81.958224
90.615908
85.608441
81.049911
82.880985
92.854164
83.662981
90.705148
73.796957
73.746544
86.000432
92.053175
88.994088
81.985327
91.020498
88.106841
90.427007
84.189876
87.26083
94.261098
91.026991
91.498614
87.977223
88.93553
90.317857
89.467336
89.643046
90.814709
90.653225
91.311081
80.661546
89.158917
72.821518
86.427935
86.773682
91.570145
88.172488
88.022799
88.016743
84.191043
88.900612
75.482178
86.003892
89.127383
82.659153
85.673483
72.321478
89.365893
90.858537
79.846701
89.396428
87.468382
93.29688
80.800763
76.771124
78.082345
87.734699
87.588257
87.575853
89.78875
75.691812
77.204338
79.413092
82.821806
81.620102
86.691884
87.084766
86.887364
86.88741
87.697167
78.207825
78.590355
79.683211
91.464184
93.111475
93.770836
95.917771
91.35222
93.87336
92.770578
92.949178
91.864184
