48.204286
44.969804
52.032596
44.596494
46.43341
49.470859
42.663886
47.560526
49.318413
40.992705
43.973044
43.549659
48.492023
65.914966
45.253723
50.673098
44.351599
47.764951
48.581436
45.596784
44.527249
50.340812
44.980561
40.931068
46.619281
50.309387
64.892895
40.338539
48.377548
43.315922
42.473749
44.039245
52.242131
42.240485
100.0
100.0
42.391692
45.599022
46.449793
45.937529
43.04315
44.537633
46.444226
46.777615
41.722682
43.892907
51.209805
50.936412
44.863178
35.945162
46.234796
46.699544
53.992491
50.87644
50.457191
49.964581
51.865199
50.061915
51.005086
50.90072
48.940449
48.820957
45.374788
49.225004
46.150959
43.549725
47.259274
45.73288
50.029256
56.664249
46.036465
46.359524
43.910614
51.205582
46.474565
46.30772
46.291114
44.116847
48.236536
47.27822
44.929726
44.754231
46.350837
46.270115
44.6316
44.980348
49.334412
44.371597
45.858234
45.474373
46.397246
48.045592
45.999397
47.892099
45.460961
42.934167
45.846035
55.532767
47.701685
51.085014
45.488116
42.124157
48.130855
40.734577
47.358529
43.163856
49.873151
41.466398
46.899288
46.667875
46.575176
55.945385
48.796975
45.106104
45.532227
47.575357
50.031411
41.405344
45.813689
47.163918
56.09715
47.903955
45.724861
49.670986
43.998905
43.836136
43.236648
59.729666
46.079304
41.648554
44.730002
44.11892
48.736577
42.903222
42.579849
48.217521
40.886677
47.81277
42.237014
46.007309
44.596329
45.410455
48.891856
40.372502
63.238794
48.992206
45.536365
43.886482
46.384783
50.327336
46.441391
48.099943
50.180315
45.783111
47.642637
49.008124
48.896354
47.004273
49.727158
47.313729
50.600828
43.623028
39.78331
50.149291
43.449933
46.687957
55.398117
58.275984
58.657973
55.965904
50.944956
47.605624
52.285964
47.368206
