59.575473
55.511345
61.985015
57.102613
60.309526
60.958104
58.913804
53.708646
58.680362
56.121145
59.872919
59.501371
65.048152
76.526098
59.434267
65.480283
62.012145
60.453154
63.684664
62.628359
55.733833
62.669815
49.166374
60.52549
60.764844
63.463369
72.804669
55.95688
63.829828
55.289095
55.720828
53.268835
64.048671
60.923724
100.0
100.0
52.002324
60.258828
60.46041
58.551498
51.402032
56.884665
58.28429
56.439008
54.383499
57.243806
62.758879
63.234479
55.20475
45.201857
47.682246
63.127952
67.668161
66.17597
66.515023
65.201502
66.533489
64.663382
64.667666
63.07665
59.271408
59.826576
58.49367
53.971812
56.267059
55.776192
64.637312
62.303445
65.186658
65.247921
62.453306
62.233484
55.983608
62.311195
58.541316
60.067101
56.714576
56.483824
58.205596
58.453904
57.80764
58.947153
59.126384
55.849637
48.67614
59.675304
60.536997
59.948087
59.902865
61.230335
58.568321
62.164231
61.319066
62.032884
57.865156
58.820212
60.99011
62.854449
55.185136
61.499985
56.885472
52.320716
61.11688
55.407663
59.408853
54.074252
60.241486
55.590498
60.111492
58.007458
57.085243
66.952341
61.854921
55.848386
57.103747
60.182054
63.766297
57.883496
59.940376
59.002174
62.13853
63.573927
57.31352
61.07677
56.813165
54.401031
53.150122
69.959178
56.755312
56.078848
56.572324
55.355048
59.488551
49.245742
57.398571
57.816705
52.569886
57.314751
51.046425
52.122928
54.732601
58.835522
59.812664
53.286843
72.190652
54.262131
56.491284
53.24164
57.676847
57.329116
58.681366
59.819578
61.895499
45.783111
59.710924
57.218305
60.694447
56.295521
57.323816
58.491219
58.36195
52.165328
47.792977
61.467332
59.20158
60.342028
70.833913
73.761633
74.99256
60.002072
64.822523
66.339222
67.749202
63.714279
