62.983316
58.233812
66.205669
60.595434
63.646045
64.686667
62.350549
56.701048
63.679633
58.197977
60.330192
59.885389
66.19136
79.836028
62.957201
66.259161
63.051531
62.132578
64.25723
64.449887
58.210747
65.854661
51.567057
63.014926
62.872428
66.83129
75.87927
59.84332
65.8405
59.599536
60.233286
57.998258
67.395563
64.124898
100.0
100.0
53.6021
63.730125
63.70022
61.720729
53.394356
56.884665
61.345483
59.458786
56.23655
59.497377
64.912059
66.019081
57.04738
48.031118
49.45852
65.319643
69.737686
67.91356
67.894224
66.816827
68.443821
66.215799
66.480353
65.094757
63.147779
63.907924
62.3261
56.165998
58.448743
59.015091
65.575117
62.748136
65.684647
65.880616
62.748785
64.504827
57.71338
64.814753
61.581525
62.827943
60.19754
60.479773
62.029628
62.352819
61.516207
62.944748
61.146067
60.765075
51.337489
62.947041
64.784606
63.804082
62.766957
65.182607
61.106876
66.822839
65.697268
66.625288
60.564884
63.437332
64.879694
64.463176
57.784602
65.053456
61.419529
54.962211
63.422228
57.649061
62.632689
57.238476
62.598827
60.149625
62.388608
62.06299
60.067358
71.329306
65.739023
58.082554
59.673789
64.225744
66.224171
61.220333
63.981928
63.61611
64.054589
66.468594
59.378588
64.900641
60.448426
57.825222
56.828956
73.752303
60.247896
59.484022
60.330244
58.618939
63.534983
52.775086
61.535046
60.972118
56.543234
61.390694
55.224268
54.489808
57.448822
62.740085
63.375511
56.618729
76.568739
56.865932
60.627562
56.070041
61.669299
60.466624
62.668206
63.822282
65.184625
58.47954
62.868809
60.241744
63.6634
58.637314
60.606705
61.998411
60.527939
54.756964
49.891415
65.787474
63.130135
64.054348
71.80596
74.265886
77.045122
64.324598
66.320201
66.499412
67.838389
63.739222
