69.659861
71.869779
70.123295
69.867428
65.625821
71.331954
63.904621
68.865856
71.140602
69.366654
70.457454
70.222684
74.480891
85.932679
71.618961
75.430484
73.828448
73.620127
73.581457
74.998127
63.408733
73.019136
67.54102
71.821604
71.61641
73.821879
81.979021
62.731262
74.735552
66.313133
63.47775
65.086345
73.064184
70.297588
100.0
100.0
70.844353
67.043887
66.087664
66.108499
68.419115
68.373583
62.314421
65.65775
69.492573
70.456516
72.109896
73.196866
70.044924
53.047501
62.065793
74.524881
76.571968
77.318846
75.726955
76.434181
77.242576
74.294551
77.016365
77.076068
72.239478
72.928519
71.655937
73.864407
66.678215
71.963502
75.874424
72.824739
69.956544
78.355125
72.956622
72.333919
64.12956
74.558496
71.310859
71.933402
67.833559
70.020286
71.630517
71.609733
65.637246
71.489434
72.600374
58.290382
67.756752
70.158418
72.545495
72.098593
75.886747
74.474324
72.806835
74.243269
64.491831
74.825377
67.778014
71.584494
74.239482
73.70851
66.097974
72.504543
69.273915
71.993356
74.326657
61.043907
72.701962
64.101637
69.461684
69.03805
71.361956
68.019962
67.930361
79.101501
74.24524
75.061876
69.319106
71.895731
74.946619
65.731642
72.612262
63.432673
78.718235
75.756416
69.959757
73.039167
69.624112
58.224477
68.519437
79.366046
70.351031
68.697778
69.841507
67.076735
71.032406
55.926218
68.641756
72.225166
63.581975
69.045213
59.410501
61.904208
71.616021
71.673609
72.589643
69.995987
82.160577
67.831131
67.945475
67.856271
69.644361
72.158348
71.286317
72.450362
66.540921
66.355103
64.463596
66.857306
68.97568
67.004537
63.472558
70.755488
74.168586
59.394291
56.024142
74.554882
71.535299
71.132215
80.504192
82.170473
85.991824
77.595548
79.436839
77.484528
77.620217
74.347778
