97.543386
97.605612
96.184347
96.435996
88.514638
95.696339
93.025549
76.67983
95.4328
83.030229
86.957837
95.484207
87.379643
95.033818
96.67839
90.361194
95.539773
85.785097
80.905695
95.057448
90.218897
97.09307
92.529465
95.647366
94.532727
96.39802
95.782134
94.61818
69.478143
96.368195
68.435743
97.217236
93.515349
87.043472
95.980637
97.333425
90.65394
98.041808
97.228905
95.991106
81.536279
88.350363
94.74625
95.027215
74.390419
97.329434
88.318483
88.631164
90.305576
97.198235
95.183982
100.0
