97.759625
97.872266
96.603857
96.999453
89.079018
96.046949
93.520594
76.963168
95.97861
83.391044
87.479238
96.274012
87.874356
95.601349
97.050989
91.185875
96.099487
86.261987
81.293745
95.915903
90.820633
97.45035
92.964208
96.041192
95.034846
96.888823
96.33909
95.193636
69.755459
96.698763
68.726553
97.596704
93.909827
87.268125
96.347813
97.680418
90.850822
98.310019
97.534748
96.60038
81.820176
88.735802
95.381801
95.516488
74.627715
97.601248
88.634841
88.96161
90.519548
97.423577
95.19336
100.0
