64.919204
70.016972
69.45024
69.574863
64.417346
66.361027
64.466978
53.57486
66.607863
64.183091
53.999978
60.442014
63.930015
64.960372
72.60035
63.119635
66.619645
68.933017
65.00884
48.828581
53.760132
62.00451
54.204523
60.360177
63.448031
62.410789
66.255858
53.658911
44.949484
62.180369
45.842893
58.624995
59.078372
71.002969
60.057398
72.674479
76.741296
79.760163
77.091604
63.448621
59.959356
71.178923
69.652629
64.596661
78.105183
74.572621
65.240536
62.271099
66.92902
79.302334
45.239689
100.0
