72.247853
76.373407
71.030572
77.492409
69.296667
73.179886
72.921624
60.310862
74.874014
71.206204
64.751395
66.471057
73.587686
73.823565
79.281109
73.030023
75.22752
81.419045
75.519232
57.675745
68.35505
72.294838
62.673492
70.807462
74.990194
73.056256
75.099916
63.534892
68.546895
72.137092
56.763817
65.942012
67.884453
77.694295
69.972405
80.414259
81.157324
85.705696
81.181082
69.83613
68.610377
80.648804
70.630857
73.250086
70.338832
80.976774
71.29624
67.399599
72.995408
84.86206
52.941542
100.0
