82.605105
85.48217
81.95311
85.578647
78.415871
82.221187
76.579171
78.195694
79.341137
72.069954
76.94637
74.386543
76.199078
83.606377
87.357009
83.907061
82.360253
84.507957
85.714066
67.423481
80.306055
84.093352
73.080923
80.929015
84.345294
84.020695
85.021377
77.97121
71.882885
84.871779
58.698458
80.082437
79.08786
86.461125
81.345382
88.711007
85.977182
73.545789
89.248513
78.84508
70.762009
88.960376
85.964316
84.167585
89.66393
89.247801
79.093608
80.854644
82.955483
90.968793
67.096628
100.0
