82.083
84.95603
81.161553
84.077538
77.072461
81.659639
75.108301
76.882
77.815138
71.224772
75.44144
72.782327
74.485331
82.37285
86.327913
81.355999
80.93038
82.700239
84.116085
65.531147
78.12703
82.920952
71.939384
79.757662
83.000467
82.428554
83.547296
75.666891
70.326187
83.693825
57.941876
78.951988
78.037589
85.596668
79.764137
88.016559
85.648733
73.134419
88.684606
77.818932
69.935302
88.132652
84.400068
82.567881
88.791046
88.384283
78.369661
80.112065
82.43175
90.4373
67.096596
100.0
