88.342965
90.512105
88.662137
90.028593
82.48041
88.170304
80.395329
67.799709
88.322772
79.166985
81.583983
88.915021
87.85317
88.576125
91.218981
87.897038
89.474065
84.872561
86.924645
72.320224
88.024631
89.640876
81.849243
85.923458
88.579617
89.294014
89.967392
84.991776
67.261201
89.389222
62.916004
84.38759
80.365115
90.579716
87.404677
92.629768
88.235328
84.849657
91.760791
80.787526
74.976196
85.218364
83.821794
88.903545
86.931533
92.730481
83.024882
77.352028
83.340038
93.389902
76.323041
100.0
