90.626825
92.260442
90.671611
92.721101
84.722464
87.241205
75.656642
89.414622
91.085153
80.572464
83.938397
91.633059
83.049344
90.024159
92.036705
90.543202
88.350415
94.081157
92.204602
87.50953
91.358886
91.808795
88.200046
88.066359
90.641356
91.594123
92.374548
87.903767
85.239992
91.351651
64.184116
92.592208
75.735775
92.024747
89.697885
94.123332
92.20334
89.280957
93.021519
82.665385
76.638976
86.285403
91.441383
91.271518
93.674619
94.073842
83.884255
78.461986
84.439503
95.070959
79.27052
100.0
