1127601
1324732
1372921
1318605
1361403
1454859
1374439
1351531
1216713
1440353
1097497
1281980
1438837
1412942
1312689
1218610
1337091
1208237
1366076
1429443
1414394
1191072
1323185
1355202
1425760
1359455
1335799
1320498
1508033
1417405
1072546
1211250
1246033
1317085
1398296
1453811
1515415
1127894
1402851
1450502
1180520
1294366
1440023
1487127
1467151
1474822
1536698
1334195
1450106
1319274
1352874
1421738
1256570
1254417
1336430
1238861
1435511
1416761
1474573
1190157
1472272
1461697
1345708
1311658
1373537
1439789
1093319
1143920
1326210
1458503
1289549
1303591
1350939
1273758
1259356
1153149
1287111
1360127
1450587
1373597
1299169
1305637
1419789
1265752
1186515
1263899
1290090
1431488
1431467
1278170
1326378
1383757
1451211
1352856
1339825
1350959
1381228
1220810
1328370
1302273
476032
88032
