894055
1047554
1072300
1014431
1062490
1132315
1062981
1052200
965049
1135697
863488
1002682
1132409
1088010
1041017
952586
1049214
953066
1061336
1110232
1093053
922806
1032910
1073350
1111125
1047783
1038024
1035014
1182197
1102833
839977
951723
980660
1044670
1111407
1120298
1192226
878272
1099055
1133875
932554
1018650
1141338
1156778
1148626
1159669
1195946
1040992
1127916
1020310
1047657
1111794
978974
967040
1046251
966016
1126017
1107583
1140058
926290
1152680
1163091
1068131
1022333
1072778
1131341
859523
892080
1044134
1132408
1005324
1019245
1056705
994583
987775
907779
1022790
1059101
1125460
1077435
1032715
1016116
1114271
981759
925904
974844
1009251
1118038
1128163
994562
1026335
1081724
1129400
1056333
1060865
1064655
1081201
959205
1035844
1013890
407449
87893
