1209838
1807432
1999756
1766695
1922457
2095360
2017845
1841937
1581404
1973622
1445230
1425430
1944047
1954452
1757566
1524660
1712590
1655723
1900270
1941417
1816176
1616927
1775186
1825925
1742277
1849114
1791356
1864122
2131170
1989998
1221226
1545845
1560127
1709161
1855874
1956091
2154659
1497905
1859960
2104539
1584325
1736053
2066678
2112595
2077936
2022868
2207908
1932041
1928975
1911036
1947764
1953046
1721769
1732205
1878659
1667398
1903992
1989957
2069776
1643600
2057084
2102696
1881917
1905120
1861201
2093907
1462267
1412497
1699674
2031674
1720091
1706273
1809494
1708432
1733014
1482014
1796523
1852414
1932422
1958743
1752574
1844394
1935925
1702989
1622954
1668186
1705716
1888632
2035268
1724861
1871077
1734577
1956308
1913456
1707753
1907843
1977200
1679253
1805535
1901310
644925
121814
