104047
110195
112997
115169
117109
121061
111449
112197
101690
124710
92954
108457
120084
121491
105598
101620
113366
114400
117988
126412
106993
101328
114718
117136
124350
113347
114825
114395
123837
112698
99539
113459
106167
111497
124199
111650
124429
89073
122023
122304
91646
111163
116370
119417
116660
122327
120584
106552
114135
107730
111141
119264
96244
106378
110381
99517
116974
116396
124438
98106
123281
121020
114149
103408
120631
118079
92069
105794
112518
117113
108047
105270
111096
113343
105808
107485
104998
118112
120804
112919
110301
113794
118039
113671
104838
107215
116267
120323
124852
99662
111742
119389
123284
115766
113164
115204
112104
114109
113717
107371
56151
16367
