164509
173362
176102
180108
181269
186317
176944
175563
159900
192280
147485
164799
191545
191476
166820
160649
182027
179590
181786
197310
171468
158336
173891
183326
193135
179892
174868
178917
197019
176803
156838
171128
165522
178654
190565
182178
197815
141149
189063
186261
140783
172520
183544
190126
183773
193411
192050
169348
179922
169975
174167
187400
157952
167554
173991
154817
183700
184986
194408
153695
196925
188375
177485
166251
190276
184921
146503
165995
176786
182063
167930
166057
174753
177601
165034
171513
168514
183402
193082
175078
175817
171116
186183
181505
161318
165885
179224
191385
189627
164021
167416
188825
197221
179540
178838
177602
187577
167934
177636
172654
80881
19970
