235988
248617
261641
260239
268267
271298
251523
260901
231732
287324
209406
241691
277576
279978
248372
236609
261653
256741
262228
290990
252381
222028
248307
267759
272418
274711
261171
260684
289821
261563
229609
240715
248956
254108
281606
264157
293310
206708
274297
278500
208708
253084
275373
273285
270218
287976
283885
245289
272205
245559
251445
273541
234837
240233
254601
220799
264988
262454
278160
223321
279408
278389
260354
241569
268383
275957
212131
241917
262914
275593
246674
245233
259631
252600
250031
241206
244570
276031
281055
259942
258905
255885
272818
266997
228641
239658
242438
285905
274328
240166
244557
269640
291835
261437
267434
263704
270317
240496
254210
245475
125750
31060
