315402
335051
354752
351506
350023
363938
336811
347164
319332
384051
281935
320480
375360
381186
330847
320229
352975
347721
358469
384109
347896
308850
336622
364075
371563
366612
346954
345867
387878
352495
310439
321645
334976
342710
371973
354050
396101
284731
371608
373625
288379
340386
368231
370815
366499
385693
379078
333681
366874
334524
349734
366084
323714
329679
338057
303116
366170
351292
370718
302863
376604
381462
357701
327066
364614
368521
282307
332160
357750
370504
329241
333940
354674
338769
337920
324585
332440
366967
377445
343404
348378
342957
370548
357116
311249
327043
324015
379837
372422
320629
332465
354598
394510
348958
355745
352527
363614
340511
337852
292122
144800
30240
