425413
464040
486374
456505
481957
505136
480818
479711
443527
528255
391455
452287
521639
508997
475915
443284
483735
435786
494469
515120
482216
421490
456128
491082
504722
496747
475594
473823
539836
490660
398997
432079
453052
476341
523405
494146
544955
385364
513250
523898
410359
465946
509581
516944
512962
524688
527666
463553
502590
462528
480452
509122
450022
456123
470766
422285
522397
487201
505157
427401
529866
513759
474258
453796
490526
512555
410376
421301
492892
506748
459716
461696
490577
459056
458083
427019
466266
502495
503818
481610
475109
458902
514048
460872
412308
457968
450914
521395
515029
444939
463736
508794
526556
489025
482516
487031
507754
428982
470242
439743
200075
40685
