696139
767478
799684
794382
806122
849750
807015
802681
739472
881272
651755
756074
869252
840383
776925
734161
792604
717155
824108
855866
815439
702534
760302
814846
850889
841758
772884
774407
894200
815069
655992
746349
756089
796757
853692
834285
896325
675252
855851
874344
690733
784224
848677
880037
843113
873663
871387
784557
845006
777674
806733
849070
747629
741764
805352
718738
848463
826782
848729
723340
889397
850755
781511
782382
826042
849035
654744
702482
773874
847879
773245
772768
807123
764812
758811
702158
783267
825319
859017
817625
788669
755361
862997
760360
700599
776506
735744
855453
851706
747847
785057
827444
879638
817458
802650
805750
839900
765431
786195
679917
273289
44612
