1670355
1426809
1380917
1337426
1209236
1337782
1231325
1506273
1443023
1268373
1436699
1220603
1664255
1423535
1470595
1315228
1584703
1403581
1603824
1366280
1504328
1232441
1286497
1460319
1153295
1361259
1495277
1422900
1579880
1434009
1437708
1397699
1458008
1271502
1387074
1278362
1226578
1430907
1302683
1429984
1314382
1509017
1667936
1611138
1412744
1223115
1394591
1394137
1358355
1542205
1787799
1388978
1338865
1814221
1296242
1445030
1253350
1440502
1387871
1414509
1537291
1528179
1528164
1403719
1517580
1463807
1605656
1703827
1710240
1888180
1433621
1343035
1436086
1398630
1895956
1787212
1411277
1041342
1479184
1457324
1341909
1474501
1309927
1474898
1990558
1684167
1893890
1720649
1878162
1952342
1584527
1806311
1745394
1403195
1411147
1464386
1583157
914175
872429
