107040
104715
98902
103976
100440
100132
97186
114576
105658
97901
108416
114876
111191
105233
107740
104882
115665
102224
117386
92508
111587
100283
100610
112319
96953
115142
107642
113073
111405
116074
117463
102583
110781
98727
98833
100657
101755
117919
104856
110421
110881
107508
110049
109478
114959
110541
111922
104845
107125
103184
117766
105834
104742
115788
102842
101905
104630
115200
105056
114485
115052
108034
116125
111335
109861
110835
115076
107530
109463
117721
100045
104358
111783
106419
121167
107369
108078
94642
96505
116778
100122
113814
103825
113070
124677
105512
110871
113861
115301
117131
107330
114674
110765
110032
106390
109455
106069
89332
88405
