167958
156457
146174
157528
146700
148862
146439
182358
169818
147875
166023
168555
169767
156455
163545
156582
183206
153728
175498
136151
172269
148807
148709
173961
143514
170552
162914
167829
173772
175678
182105
159722
163922
139148
154172
148311
152567
183644
159693
175103
168078
173725
168198
167879
174258
168572
168737
143905
164946
149852
181752
162074
159212
185759
156182
161170
161229
169364
164171
171687
169235
168663
174076
164560
165362
179660
187292
152538
165757
188345
156122
164911
168463
155369
189254
169772
163084
130867
152000
175158
163065
175733
164890
175583
193679
165225
170908
176643
178063
180649
163144
181867
187206
157674
161578
167036
159963
133271
128236
