324113
293536
284384
294977
271967
275186
265715
359943
323528
258813
304538
298535
340836
302124
305105
302798
354087
310337
353173
250599
323716
285002
274446
324388
267928
312245
303269
323317
326415
324656
311693
305601
318508
284702
286514
281353
281555
342268
295519
320139
302641
327030
320825
316283
325103
302339
313844
260309
315923
290171
341976
317846
294728
363701
296673
320673
292739
299014
307060
341224
319656
316124
335138
312639
316588
340062
339241
312717
319385
346651
296605
309426
317517
312139
350380
328697
306466
241510
313386
319350
306422
317424
298196
321716
372948
322668
342778
334667
322774
360344
332107
325031
372684
290401
311220
312643
301963
273560
212208
