443429
388323
360783
388093
357202
373983
352677
483183
412595
363109
414725
383710
454877
394872
406981
403102
467335
417237
469695
344762
442654
375858
380953
379812
337613
413424
402048
424092
431604
433353
432406
379512
436881
357919
384332
373277
371170
453869
389672
412400
388695
421189
425729
424682
429257
383141
403599
383837
396869
369706
462947
423641
373528
497520
398594
415752
406917
410850
401635
450859
425232
431211
434709
410548
430917
463372
446632
446952
437700
467148
405531
388475
418350
423527
471281
468462
423572
331720
412047
414622
386119
444399
401218
429445
511848
444182
436346
440658
469848
478074
440471
468286
509127
380662
427484
432638
426969
313923
264315
