735878
655693
576257
589978
461160
523912
483992
722883
660888
568014
640134
553145
748520
620561
628779
608837
701631
667565
762222
553568
665733
587362
541244
676537
506131
635796
648319
647553
680843
654019
627217
607827
651347
466046
577307
546544
536018
671881
566990
616308
623065
663450
685139
656994
662327
546317
596408
583835
636344
587004
694377
647413
600356
819888
630754
634597
595756
626430
620605
705442
662038
697478
676574
631984
645157
726966
686191
735514
708605
773357
631819
581922
542042
660845
790203
762055
653363
486354
644123
649710
578892
703890
602501
686059
856202
716867
714235
736797
733925
819997
719559
773840
790714
660184
661366
650901
742380
501793
423232
