98.048764
88.895487
64.945734
92.207403
95.19972
95.876815
86.468815
88.999148
62.350781
96.806337
73.722957
97.827477
84.345808
97.974989
85.386497
97.352641
86.26584
74.773458
87.907696
97.833984
84.562605
78.017753
93.019948
95.590624
81.360808
76.511928
86.200791
89.272676
97.156158
86.856057
73.250153
88.111242
92.056239
90.254946
91.181122
94.758927
95.283081
72.997937
85.032278
92.736654
67.261134
76.427298
98.927758
91.000566
92.153235
87.745229
56.852622
90.145266
80.763649
69.316379
84.084842
47.207363
81.669552
95.644585
100.0
