97.378117
87.857451
64.254223
88.540867
93.340002
94.43511
85.390641
87.508917
61.605835
96.204052
72.869879
97.256073
83.23447
97.056873
83.309606
96.382204
84.941424
72.9091
86.276045
96.236721
83.558743
76.956356
91.450863
94.04209
75.024747
69.625458
79.653811
84.831669
95.878856
83.292962
70.719069
84.215592
88.3172
86.176429
88.671759
93.311345
93.146905
67.670538
79.625069
89.470523
65.486888
75.420212
98.009899
89.505728
89.199724
83.077973
54.233293
85.521962
76.461882
66.150825
80.512138
45.170263
79.452846
95.618147
100.0
