53.021683
27.366362
28.663285
27.554067
27.262057
28.967718
31.299157
27.76561
27.559014
23.094496
20.719325
32.29475
38.012119
40.826394
21.366839
29.586565
24.361427
24.843503
27.634471
24.564527
25.5229
16.482881
13.655266
22.354965
18.539189
18.42742
15.812608
15.151
30.125044
13.267612
14.032602
21.583323
10.67014
11.521662
17.355415
25.305941
18.004896
18.444996
11.963677
13.717695
16.171432
22.453176
58.770317
31.077057
16.484563
9.400979
16.225342
12.968256
10.227112
5.716429
6.449503
3.685078
9.695785
66.470901
100.0
