87.831853
86.027251
84.23355
73.763813
79.649234
82.14024
75.055717
75.809943
77.417751
53.278106
84.330348
90.978584
84.923907
87.90727
76.524114
84.100846
73.987066
75.879865
76.795246
68.980003
54.820649
68.171017
46.920724
78.941469
56.738456
44.33269
60.862449
67.30734
84.643984
42.118629
52.18207
64.829793
55.656998
48.114235
74.888078
83.292762
77.092435
55.336114
59.800755
72.648198
59.846762
65.56873
57.371854
77.620893
72.20034
62.98546
57.136366
66.217122
56.256146
49.380173
60.650921
34.980146
56.333797
93.37913
100.0
