91.405201
90.441014
91.50268
84.340666
88.448838
71.934481
81.858387
83.349659
55.536879
44.871056
91.039014
94.106182
59.263126
93.874254
86.123921
92.148517
80.606135
77.404424
84.922352
75.180772
80.508424
73.998903
78.425845
86.445165
71.265272
55.296322
76.369192
81.181847
91.730686
72.636835
56.892028
80.759788
64.604177
80.236097
84.621088
90.423298
87.899872
70.289162
69.562852
86.478857
72.760704
71.403757
51.283512
84.359115
83.906187
78.125799
57.98156
80.458381
69.99613
61.338671
74.124121
49.266169
65.147122
97.091264
100.0
