93.619201
91.25238
92.604964
93.264186
76.252891
79.858565
76.510282
84.073715
82.09495
92.144669
65.303525
91.443991
92.337046
94.090454
74.76315
56.675198
91.698867
67.507084
87.053662
93.089656
90.486478
91.312318
91.772002
88.217628
77.88682
74.673475
81.372575
92.317266
76.963582
80.571547
82.696859
92.887684
93.67983
81.822359
92.733847
93.84082
93.17641
63.795748
87.854332
89.836183
80.444457
93.93681
90.798199
93.557339
85.199343
83.470306
57.527876
85.774585
92.660832
81.943387
65.500612
84.01704
94.270215
83.102037
93.538015
95.556165
97.428043
