92.750503
90.835611
91.956491
92.52537
75.759556
79.083319
75.880047
83.434934
81.585234
91.424524
64.920509
90.855143
91.212194
93.250392
73.823483
56.187109
90.692934
67.098764
86.198931
92.093579
88.905809
89.866892
90.709095
87.362971
77.192811
73.99199
80.942195
91.371145
76.207448
80.057442
81.351513
92.044397
92.702254
81.012644
91.666314
92.797448
92.133409
62.90445
86.866302
88.382505
79.678451
93.249133
90.228267
92.336312
84.6005
82.855549
57.098218
84.591837
91.714154
81.277245
64.190366
83.197358
93.342288
82.217958
92.450986
95.149042
97.428043
