69.237024
73.12697
66.155694
66.626477
69.632243
51.157834
73.997313
76.798677
69.040748
69.624818
51.040792
72.717251
72.880773
54.418924
58.660293
47.293421
68.592196
72.21218
36.138933
37.640652
38.164627
72.876059
70.676402
58.801732
56.634732
39.648963
55.035924
63.78861
69.630356
70.036181
52.07814
59.187508
75.290692
51.175073
71.991105
75.020979
52.821092
59.888354
58.81387
43.607626
55.762506
55.343845
56.917447
63.657048
55.010584
55.368667
60.413129
37.90447
62.733988
52.571717
41.481759
55.85269
72.002952
50.517877
73.003973
84.545693
97.428043
