77.715441
76.846794
81.834727
75.133541
72.189449
63.476405
74.032546
82.182029
74.088283
77.06283
55.510303
81.394183
60.227712
66.984743
62.854419
63.258989
76.630416
79.187186
43.893953
44.763977
43.793
75.245106
75.427515
75.738461
53.809547
46.594327
68.163004
73.996075
78.140291
78.691928
54.534998
76.308525
81.510642
58.58031
71.791694
81.78123
71.992326
68.297932
76.704116
67.784554
66.669326
64.192572
65.632318
74.918675
42.835205
65.153708
45.997983
53.338388
74.114863
59.679262
58.418235
57.407525
79.83696
68.374864
79.96836
87.967251
97.428043
