79.692339
77.340545
83.162924
76.615495
73.702772
64.970418
75.245227
84.003052
75.237896
78.623143
56.671893
82.953183
61.842073
68.702972
66.550806
65.822448
79.367648
81.245172
45.128839
46.123381
45.942691
78.36313
77.490072
77.862574
54.928636
47.880481
69.1583
76.413091
80.092444
80.607295
56.883108
78.515045
83.988443
60.256925
74.026654
84.301105
74.489006
71.345488
79.089147
72.163458
68.718308
65.82659
66.978836
77.578629
43.85184
67.052069
47.129409
55.893979
76.143276
60.821006
62.8026
59.134174
82.267294
70.388314
82.43547
88.52621
97.428043
