73.889196
87.547934
86.810735
85.420175
78.134273
66.71544
87.35418
86.929892
77.995008
86.231352
57.883481
87.743967
85.742284
74.429639
55.439486
55.007268
74.549103
85.955541
54.787642
49.725463
81.0282
84.058981
80.876634
57.372005
58.11922
57.201548
76.673937
79.520828
68.193111
80.015277
68.287902
84.611037
88.445572
65.900981
86.248855
87.617776
80.56599
83.614536
76.275467
77.140567
73.935738
77.821842
75.358801
83.793371
54.211351
75.90922
51.896694
60.789308
82.582975
72.242007
63.516293
58.30675
87.762134
63.845805
85.876212
90.315023
97.428043
