88.117921
84.57303
89.154396
89.087067
71.685226
66.811561
89.664116
78.444804
79.836987
89.077671
62.164692
90.500971
89.276523
77.46147
70.408881
55.881113
87.394169
72.212428
74.279116
54.838503
70.99317
88.032143
82.555286
86.761014
73.1312
84.52368
74.026653
82.350019
70.34874
89.276466
63.350034
86.194479
91.082276
75.294476
88.075496
90.684845
86.010499
86.25443
78.211355
77.824118
78.411646
81.797953
75.35711
88.014647
79.482323
77.001227
52.569036
45.860019
86.333023
75.439081
76.879634
85.68076
91.028826
71.744196
89.370952
93.688569
97.428043
