91.79111
84.345033
66.572154
82.304884
85.918051
87.22337
82.165885
82.674551
63.86139
91.673471
71.52879
92.681711
80.240075
90.85609
78.461926
90.02134
80.309746
70.325549
81.720126
89.284366
80.212072
76.388276
85.988743
87.912683
79.052568
75.325554
79.249669
80.522994
89.372391
79.252342
70.418008
80.302683
82.038766
80.34226
81.556179
86.60717
86.721935
73.39829
76.739951
83.706389
65.34313
71.871276
91.117615
82.933569
83.601266
78.438393
60.762122
82.333018
74.628107
65.538707
76.468782
52.733094
75.848167
91.945479
100.0
