58.614968
39.540016
40.603069
40.867819
38.595621
39.500916
41.334612
38.018111
36.844084
31.173438
33.706813
37.091558
44.45824
46.164105
36.269321
40.006477
36.4266
36.403662
38.908081
35.24849
36.027099
29.652269
27.90992
36.845701
40.599446
43.64072
38.73601
34.929658
38.875229
29.731166
31.015962
41.215327
31.566343
28.569293
33.058777
38.461657
36.04438
45.07484
34.294314
33.923066
29.033368
34.002656
57.506204
39.802729
35.221285
31.728164
37.177514
35.952733
32.328719
26.155513
28.009072
25.10548
30.378984
61.246491
100.0
