65.949847
53.756833
51.240435
49.757856
49.010838
44.92672
49.053282
49.350645
44.114305
36.861778
49.98812
49.351472
54.4303
57.441958
46.076513
51.562322
49.81199
46.722739
49.587122
47.483278
46.408895
37.544616
35.589152
47.13626
46.366262
48.193115
46.791786
44.298457
51.569653
45.602071
37.829819
50.054027
36.477809
36.550946
45.11621
50.106511
46.420962
50.694471
42.741283
39.870518
41.641413
41.622781
52.260764
50.440729
43.838006
40.751622
46.215863
45.182508
39.59196
33.846408
38.798433
30.955823
37.954517
69.3626
100.0
