81.445663
78.093683
76.66808
69.555555
72.239379
73.986445
70.741799
70.28842
71.838359
56.466819
76.183435
83.796792
76.764077
79.624944
70.078227
76.178539
68.643748
68.952396
71.15665
66.059159
54.950567
66.285168
51.228903
72.411098
66.141171
61.29057
66.462104
66.679518
76.118676
49.157188
55.047393
66.82622
58.865955
52.771854
68.734969
74.999891
71.710846
67.293231
63.172476
69.52388
58.423094
62.08927
60.549925
70.693952
68.791902
63.432898
61.059065
67.891439
60.532198
52.783445
61.047132
45.293297
57.707883
85.968842
100.0
