97.541029
97.468843
96.895473
98.079224
88.600571
96.925058
91.425738
78.764219
96.873766
82.390849
84.947011
69.144164
94.022748
98.042183
98.978495
99.484103
98.415978
83.677877
85.608319
99.291717
99.730484
98.108492
98.125862
99.222082
82.643719
97.216379
97.973229
95.371078
89.487309
97.925976
99.936822
73.199748
84.104644
97.5698
99.5874
99.510721
95.707174
96.756153
86.621647
95.434554
69.315143
84.560022
91.062638
97.013334
99.142006
92.537555
89.796033
94.464951
99.035969
80.16924
90.878898
91.994066
80.228159
83.934828
87.720522
90.577026
99.418462
99.475309
90.018172
98.666963
95.738837
90.632311
81.544104
97.558229
99.253115
98.994794
98.942507
96.586352
94.490515
82.46174
89.471911
97.716661
