96.753837
96.973642
96.704152
97.872825
88.450084
96.229344
91.231471
78.625249
96.648076
82.138166
84.596473
68.955891
93.701358
97.763838
98.711101
99.298437
97.926458
83.399429
85.414947
98.891043
99.583259
97.879474
97.851628
99.106005
82.449466
96.983595
97.6395
95.117215
88.741725
97.2353
99.792402
72.977547
83.72818
97.168786
99.31027
99.235868
94.332103
95.15554
85.669436
94.337064
68.599501
84.243835
89.531016
95.735196
98.849854
92.308395
89.59067
92.584497
98.458161
79.788042
90.53746
91.816257
79.732179
82.93875
87.033604
89.886234
99.155056
99.282228
88.709946
98.077852
95.050924
90.22661
80.645968
97.021429
98.78694
98.900457
98.540475
95.841128
92.587873
82.184951
87.665575
97.451424
