67.061819
48.742823
63.017278
58.269064
60.243298
49.990468
58.665477
53.369036
60.817232
44.651167
43.436348
42.984598
43.195089
40.375414
67.052122
57.862505
56.844146
57.423686
49.925363
48.207375
40.33773
63.395955
54.877561
66.022667
54.083222
54.954639
56.283335
64.098432
64.436123
34.943013
35.264355
47.449433
43.56356
60.22086
57.061694
57.910531
50.016519
42.334149
51.951499
52.344018
39.221642
41.366427
40.922699
39.222681
59.468126
64.337176
62.784828
44.049718
43.459567
39.642131
51.753931
53.920643
47.018935
34.640622
44.108505
55.423883
63.179105
55.868293
49.625374
44.095466
57.887997
44.249805
48.38285
54.925755
59.749676
77.326239
51.779013
50.40616
39.468342
41.224897
44.246447
69.049823
