76.989002
59.164337
77.802112
74.703572
74.345757
67.045137
75.788849
71.837282
72.84457
51.275672
59.107386
48.381802
65.310865
61.787901
79.595284
73.707698
73.100486
64.893827
74.109656
60.172737
51.32805
76.256881
74.913599
78.920808
66.474333
71.090589
73.606845
76.131446
65.224873
50.480929
54.05513
43.316958
62.71357
75.369762
72.772288
73.083692
65.995612
60.237078
66.220489
64.068026
49.52614
57.824504
50.1015
56.21141
76.075693
78.144937
73.655759
58.782769
55.787841
54.82472
65.926289
60.178406
60.701003
46.269779
58.780547
70.180376
78.378894
72.85685
60.766838
64.432495
75.090424
57.480492
60.936307
71.031775
74.18769
85.259246
63.510231
66.86405
55.426355
60.055644
59.632914
80.514737
