87.797863
66.617226
90.034629
89.123786
79.91652
84.018806
90.49468
86.79238
89.342452
64.690014
76.011767
62.435653
85.657054
83.890209
90.794825
88.233651
87.237723
89.086984
88.700244
85.860534
61.757622
66.99837
83.691952
91.102277
77.443759
86.887239
88.182872
88.186522
81.211706
65.6951
72.349464
57.471339
71.608923
88.957616
88.265281
88.078535
82.059724
80.486518
80.867603
83.151539
60.210079
67.599109
74.693072
80.167
90.272655
90.602071
85.50919
77.91206
69.556321
74.084761
82.010453
86.914723
71.258117
60.799025
75.990052
85.093664
91.322685
88.961733
72.915403
83.767979
88.09388
69.771772
74.083342
86.781823
88.393089
94.641691
78.618837
84.407636
75.423715
77.715556
77.236981
91.314701
