86.389089
65.480168
88.332592
86.695565
78.383944
80.915126
88.08553
85.124201
87.597534
62.879435
73.337888
60.809882
82.806588
80.550271
89.637811
86.513046
84.429462
85.9588
86.182852
82.428617
60.391693
65.4427
80.983373
89.507101
75.268172
83.065356
84.941168
86.507509
78.310706
62.69118
70.261322
55.824659
68.733459
86.389438
85.490776
86.309923
77.112214
74.189962
76.592682
79.158453
57.085077
65.694522
69.852995
74.019775
88.090967
89.065622
83.727249
72.546781
67.775584
71.446444
79.325349
85.568642
69.282084
57.475542
72.522912
81.540707
89.483544
86.566528
68.67957
79.604999
85.188405
67.099791
71.650822
83.546449
85.351103
93.580037
76.467514
79.965853
70.203367
74.435076
71.661953
89.666945
