89.193985
70.831931
91.80532
92.704447
82.865666
88.424225
92.844182
93.163609
91.656627
74.771071
83.645263
66.33668
86.217119
89.884544
93.564785
92.401587
91.607168
85.613689
77.434898
89.034637
94.526254
72.135911
86.875347
94.824378
81.151307
90.871055
91.516071
89.889308
82.147388
75.334902
78.727291
87.382081
76.222219
91.099357
91.819334
91.783763
84.111948
83.787952
77.355767
85.822809
67.589645
69.891807
77.930842
84.850471
93.618664
91.81762
82.814373
79.93408
71.603677
76.828235
83.964073
86.48205
74.384417
81.579297
78.425229
89.030237
90.202901
92.910978
79.93709
88.817284
90.431465
65.312351
74.379648
90.482494
89.277707
95.165019
90.334038
88.5498
80.00217
73.618693
76.199135
94.077405
