91.842074
69.620593
95.169399
95.517886
84.86479
91.82321
94.31904
94.738035
93.359499
78.318064
80.255977
71.941336
89.365295
94.004229
95.163267
94.171504
93.873615
95.928638
94.6146
95.631603
61.497998
77.16306
94.837518
97.197186
82.482226
90.829181
95.204323
92.225809
78.873064
72.848607
81.781669
68.201142
79.420347
93.149208
94.007042
93.89306
89.805965
90.901667
92.762999
90.253237
64.255316
71.91622
90.904821
91.118257
95.712747
93.967852
89.652211
87.339427
93.911711
79.829274
86.429299
82.721425
72.960094
86.281657
81.642563
93.201151
94.539301
95.839627
84.894366
93.170001
93.671158
80.194375
79.651846
93.660422
90.73459
96.193628
93.968134
92.48364
86.628214
78.701086
83.240505
96.162852
