70.040999
71.608648
80.176086
79.074501
75.632826
81.212249
81.239366
76.419265
81.006157
78.800731
79.223104
80.625713
80.950657
81.106519
79.358706
79.795276
75.270981
79.760351
73.590803
79.91574
76.592679
80.032396
78.693409
78.630782
80.11926
77.761956
83.295516
83.971346
81.423232
81.500685
67.280601
76.48173
80.046446
78.69007
80.768907
69.5058
77.056506
73.123297
69.371642
78.746467
80.222599
80.722743
75.015194
79.977821
77.8902
80.374175
80.92013
80.384497
69.737224
81.079868
80.134829
77.230144
79.753187
71.883211
73.630441
78.784432
78.99461
77.549272
77.276168
79.772415
78.977689
71.191857
68.242236
73.658397
79.748971
71.551817
78.257727
72.95914
79.576106
75.917282
68.829062
75.783
80.247678
68.805568
80.781779
78.158095
67.912605
75.56545
81.696865
80.952597
71.560305
81.495911
63.943905
73.605027
74.278299
80.852279
80.19852
78.126563
70.942178
71.839922
75.418519
77.577667
79.394861
77.927678
81.555057
78.386026
78.296049
77.475096
82.226468
82.846921
76.208825
72.427224
77.702174
77.038052
77.818094
77.908534
81.53795
83.697609
82.151024
83.139923
81.883744
82.963615
77.273889
64.224354
67.867943
70.765143
72.953825
82.235266
70.560097
64.583969
72.51956
65.282764
72.440327
79.465973
80.521551
75.317482
65.09818
79.958321
73.12888
66.894359
71.478782
81.1638
77.852153
77.394665
80.741078
74.369656
72.225415
69.769572
70.357104
82.522988
71.493204
80.182622
78.788433
80.524595
78.98485
76.616408
77.71913
81.05017
76.020556
79.996631
80.83395
75.470199
74.245462
77.934889
66.767332
82.171422
75.802224
81.292164
64.23036
81.654107
71.596633
71.176313
78.349552
77.969541
70.783981
80.02289
80.587231
82.230407
69.342704
80.181606
79.257996
71.003354
82.814047
83.21918
76.176623
83.517228
83.039577
78.506143
83.272283
79.56061
80.84854
73.120383
79.344586
80.142514
72.189493
72.776719
74.804144
62.607209
79.415635
80.37882
65.706734
78.926262
67.243477
78.71032
78.174225
67.520629
80.724209
79.850194
77.864786
79.461806
79.533166
79.205591
82.92972
87.235249
84.718331
84.344194
78.313067
82.810614
83.145654
81.822617
83.460333
75.033236
80.609028
80.465942
75.994842
61.87794
80.091556
78.53087
80.228628
79.892057
77.762202
80.643212
83.061693
81.899469
79.368277
82.145933
84.694392
85.571676
84.501079
83.924615
85.808146
85.599457
83.613369
