99.590779
99.586725
99.772016
99.368684
99.05885
99.770088
99.896036
99.397284
99.055102
98.817266
99.391177
98.766307
99.086615
99.037329
99.52184
99.304623
99.043396
99.010771
99.041818
99.130327
99.122842
99.891038
99.870104
99.815754
99.392999
98.611579
97.60631
97.631946
97.95061
98.769311
99.572085
99.334864
99.121901
99.172569
99.076719
98.608133
99.861923
99.652337
99.361123
99.579197
99.781374
99.15108
99.171897
99.110519
99.114214
99.088414
99.13558
99.810625
99.031191
99.645958
99.913699
99.797727
99.978565
99.237352
99.752704
99.892822
99.762187
99.796087
99.777542
99.89282
99.644131
99.565886
99.779591
99.940008
99.48812
99.584223
99.837018
99.777215
99.892819
99.65826
99.850208
99.537705
99.922679
99.422862
97.832443
99.296663
99.488088
99.637342
99.514624
99.821698
99.857495
99.421864
99.83487
99.628922
99.869531
99.515849
99.752703
99.731694
99.838591
99.748822
99.728285
99.843002
99.935694
98.457735
99.11928
98.918272
98.659153
97.783514
99.105172
98.344028
98.40555
99.143542
99.851132
99.821399
99.672487
99.572968
98.675804
97.806491
98.002291
98.234937
98.140992
97.939184
98.707005
99.867367
99.72782
99.605565
99.650911
98.997223
99.607014
99.885907
99.833834
99.849951
99.474929
99.935694
99.295835
99.736977
99.935692
98.986869
99.18496
99.6728
99.522603
99.177945
99.643786
99.7744
99.456581
99.388983
99.625782
99.55113
99.662184
98.50469
99.577253
99.699596
99.820314
99.678513
99.816076
99.850691
99.717695
99.347053
99.096688
99.508022
99.393789
99.641411
99.900292
99.751954
99.844241
99.892822
99.941481
99.882181
99.935693
99.870823
99.572786
99.935695
99.891562
99.935695
99.891009
99.684962
99.850733
98.931284
99.437353
99.275488
99.49661
99.711346
97.837344
97.587615
98.572776
98.14697
98.620188
98.837757
99.249511
98.850689
98.95006
99.127227
99.636796
99.750539
99.480614
99.448268
99.79294
99.893008
99.899028
99.45223
99.651381
99.586647
99.467715
99.450562
99.748375
99.820107
99.807476
99.920727
99.851568
99.653259
99.912271
98.208725
97.575098
97.74406
97.601244
97.447896
97.665194
98.020252
98.545955
98.860492
98.241346
98.868478
99.5353
99.774709
99.763353
99.711718
99.785832
99.675623
99.661509
99.126254
99.810367
99.566338
98.799416
99.70972
99.413133
98.637957
97.794418
97.845417
98.200169
98.397325
97.509947
97.695164
97.579369
