4.856035
6.509993
6.611249
8.132452
7.102826
10.199497
8.967738
9.604945
9.20268
8.92689
5.57344
8.714806
9.18319
10.457541
6.689858
6.351719
8.883542
8.775987
9.128174
7.058271
9.092379
5.985583
6.148022
6.353673
8.446261
10.782455
15.005192
16.367282
13.692578
10.08528
4.40187
5.272597
8.174221
11.120783
10.268351
9.552314
7.366479
7.337806
7.380612
7.439659
5.518642
9.092276
9.784767
8.273365
8.693783
9.129426
10.065179
8.799055
9.123273
8.206619
7.047802
6.92575
8.793524
8.55291
5.698502
5.415315
4.839395
4.721659
5.442403
7.295058
5.847634
5.952652
7.328794
7.661996
7.38775
6.808641
4.003832
3.048722
7.88523
6.512654
5.034808
6.175765
6.383394
7.294392
10.251462
7.832957
7.211278
8.159299
8.720086
7.416853
7.50895
9.232127
5.308253
5.727644
7.951455
7.779283
7.77164
8.471389
7.100539
5.215029
5.247793
3.549023
7.288949
9.498011
8.297313
10.207651
8.919078
12.884543
8.883041
12.037615
6.662892
8.315514
5.171004
5.355009
5.677966
5.551894
10.730719
14.035473
15.381375
13.095212
12.19865
14.819809
9.70858
10.00209
5.293955
7.465167
7.423369
11.100862
8.685794
5.78191
4.079311
5.545284
7.373519
6.737474
8.606623
7.206119
9.132928
8.574302
8.291826
6.43458
6.974998
9.302623
8.287756
8.620831
8.781893
8.386903
6.178464
7.213817
7.533288
11.488839
10.203331
9.408259
6.754983
7.282657
6.33104
4.355022
6.844991
9.972145
10.337013
7.866772
7.759511
7.067527
2.950299
5.365089
6.833667
8.013205
9.214906
9.601431
7.887857
9.500977
5.38655
6.220671
5.223535
5.630948
4.557333
7.160063
8.369316
9.759476
9.039446
8.01524
6.523585
4.302855
14.903222
15.203228
10.909003
14.222062
8.624239
10.402061
8.894341
10.513904
8.47741
10.722568
6.085837
8.270023
6.913231
6.900442
5.364268
6.486167
7.388596
6.41946
7.32778
5.441488
7.361635
6.239462
7.100722
8.79812
5.23541
6.161936
5.737641
6.289713
5.000046
9.308436
12.907015
15.797121
16.650249
16.981431
12.537237
13.188779
11.2163
9.665883
12.219693
10.534196
7.435373
7.13149
6.167863
5.626893
5.646455
6.535779
5.908198
8.326308
8.088326
6.009414
12.442577
8.304527
9.706142
16.256906
18.179074
21.218664
19.225788
14.486935
14.122684
14.035994
16.395021
