16.306102
19.73451
20.574452
21.487592
20.733488
23.761646
23.747309
22.814931
23.591817
23.028348
16.72396
23.185838
22.836053
23.237164
19.370825
21.245319
21.777699
18.861149
23.887637
21.463609
22.050681
19.631789
17.361647
17.299643
21.686349
24.740142
29.573565
30.944057
28.527515
22.289073
15.899856
17.984347
20.750901
23.275463
25.059082
23.619337
20.167886
21.278383
20.586281
19.601881
16.695569
23.273058
22.752839
20.098095
23.431971
25.10471
21.678769
18.949132
21.843617
22.386844
22.359603
20.666288
21.229542
20.894361
19.834653
19.810718
17.581834
15.915678
16.665445
16.825755
19.637122
18.781671
21.373473
20.742518
20.786032
18.469897
16.403199
16.058965
21.441257
17.721179
18.053714
21.316156
19.838016
20.689173
23.498183
20.517717
20.615571
23.995962
19.478504
20.79955
21.061756
23.237573
18.373463
19.653458
16.07005
20.207299
21.178905
21.197498
20.224345
17.722037
15.859621
15.175565
17.973786
23.105387
22.799531
23.990733
22.42712
26.311657
22.00615
26.648589
21.336376
20.097372
18.583809
18.022607
16.491035
19.956362
25.278955
28.971215
29.36545
27.629693
26.375704
28.618092
21.95539
23.454075
18.971314
19.816972
20.528435
25.477757
22.67609
17.674504
16.549001
16.963561
19.982152
19.017638
22.151926
18.672481
22.512918
23.155153
20.91434
18.514951
19.949589
20.8255
20.399286
21.679885
22.509694
22.319897
19.071355
20.105072
19.889456
25.324619
24.230761
22.181523
19.355783
21.570688
18.328124
17.555214
17.199207
20.583747
24.294074
20.830124
21.429426
18.518125
17.338397
18.557447
16.914019
22.758013
22.524928
23.356313
22.149413
19.178865
20.439814
18.781215
15.953393
18.012069
13.123659
21.37414
20.920438
20.791877
23.083496
20.619832
19.452087
17.98957
29.653625
30.346207
24.515736
26.948468
24.873922
23.936329
23.977395
25.527737
22.328523
24.894217
20.011234
21.95952
21.180019
19.252277
18.904232
18.882843
20.152499
18.486365
20.815381
18.210679
20.104148
20.010099
19.169145
18.681808
19.059167
18.86614
19.059545
19.065707
15.990007
24.140286
27.965655
29.793178
30.651611
30.740157
27.260827
26.80329
25.000595
20.284971
26.358362
24.305905
21.347267
17.624157
19.073649
16.799205
20.55524
20.960258
17.754336
22.061514
22.002752
17.126771
27.656819
20.967226
24.098525
29.90336
34.321868
36.622423
33.921418
29.685341
28.354461
27.630314
29.64033
