31.394526
36.161062
38.040403
37.837482
36.423065
42.13423
36.546467
38.65204
41.585699
40.892829
32.312436
37.624748
41.099573
41.02987
35.582096
38.860981
39.089341
36.155001
42.064714
38.832842
41.828921
36.802294
36.783892
35.333163
39.473405
43.619245
49.31442
50.620041
47.081863
42.12695
32.281677
34.466518
39.298144
42.959399
43.602769
41.589397
38.23429
38.496011
36.764147
37.566545
37.661861
41.320466
40.511152
39.364486
41.13096
43.65448
42.126538
39.138323
37.338501
39.34748
39.906672
38.345891
39.472762
36.381192
31.696912
36.944663
31.480901
33.221876
35.706922
32.533365
37.582223
31.64829
36.596736
36.842403
34.454691
36.39284
29.642487
33.962772
38.874981
33.695686
34.64719
36.321202
36.345236
39.469374
42.177286
40.043099
38.629987
38.908597
40.907829
38.361091
41.186832
41.84899
35.918933
36.957584
38.508749
39.295876
38.86046
38.412131
37.211085
35.544872
33.188298
33.600945
37.690398
41.627158
41.492065
42.38893
41.05101
45.610542
41.741213
45.87621
38.020048
35.574213
34.267478
34.429367
32.680916
37.725104
43.672155
47.604895
48.473191
46.108977
44.75743
48.04145
36.687665
41.314671
34.933226
38.997227
31.061507
41.944178
40.90718
34.129227
32.624672
33.839848
37.898634
36.286698
40.185239
33.834142
34.97273
41.23395
37.193204
34.43219
38.347112
40.677063
36.524665
39.075004
37.954754
40.027251
33.513536
37.888587
37.602327
44.138848
42.338429
40.290737
35.682038
39.67806
36.945352
34.260051
31.933512
41.948662
43.139231
38.6212
40.45758
37.752575
34.5759
35.512647
32.413911
41.152311
40.677371
41.518832
40.099427
38.541759
32.007107
33.654916
33.844818
35.575843
27.801092
36.772587
38.521049
41.052742
36.378028
39.915655
37.086966
35.323826
47.445318
48.717933
43.502401
44.920566
42.482558
44.261002
42.405126
44.118263
42.490105
37.183325
36.325061
39.349837
37.343303
37.882935
35.769961
36.190728
32.00898
37.638783
38.436096
34.982201
35.269411
40.277051
37.592444
40.889159
36.912252
36.764847
35.272648
36.068676
36.168563
42.407701
45.640953
55.298148
50.538157
50.642057
43.602012
45.297014
42.589844
40.412513
44.79327
41.873315
39.102713
37.586554
36.687013
35.462238
37.132193
38.950816
39.05376
38.774591
39.251118
38.70651
46.813509
39.029843
40.523478
47.093804
52.157094
56.355723
51.945405
48.514315
49.53805
48.748111
49.455103
