56.097336
48.778136
62.99515
61.692056
61.976359
63.584117
63.769868
59.494906
63.37835
62.60144
50.919531
63.659143
63.943289
61.738966
62.784904
62.724954
58.995958
54.282778
63.436571
62.221596
64.480343
54.524368
62.393847
62.81452
63.635463
64.717328
66.100285
66.899167
66.080964
64.395955
51.83091
61.428987
61.804841
63.738615
63.604572
63.603325
63.740702
62.562454
59.294985
62.337529
50.165457
64.276933
65.74738
59.719143
65.127756
65.673754
57.299316
63.965925
55.502609
64.221975
64.311747
64.664873
63.410466
54.445701
57.737102
62.425386
63.192733
61.88279
61.112456
62.396683
62.596329
55.397613
52.786908
62.896921
62.814027
60.427181
52.800564
54.276961
63.226637
62.460939
62.713338
64.479482
63.810887
52.895554
61.82445
64.594866
62.33884
63.91114
65.789784
64.523854
65.031144
64.905814
46.149298
57.556204
63.352443
63.667112
63.873946
62.009829
63.790583
62.359487
60.76999
55.513026
63.911084
61.897752
64.228622
62.239132
60.983369
64.493883
62.800132
64.193099
63.74839
63.541934
61.569504
53.287543
62.393611
63.699971
63.169348
67.236096
65.128063
63.63901
64.468664
66.338972
64.368462
65.497598
62.882523
63.770126
51.023704
62.00023
64.648189
62.205491
60.514035
61.112313
64.335668
62.988359
64.400571
59.770338
64.567533
63.407825
57.505202
63.226409
63.106136
60.57141
64.974691
64.133396
64.69184
60.946728
54.023651
62.693442
63.530704
66.512704
62.29209
56.816851
63.190886
64.946479
63.593857
60.758178
58.596188
62.783559
60.236684
64.112326
62.585863
57.292101
62.539855
62.504061
55.148369
65.874073
60.186499
65.444335
65.396936
66.752057
51.827824
62.990197
62.718164
62.458417
47.457256
64.308045
64.944322
66.459407
66.335816
64.947938
63.783539
60.146123
67.387628
65.383098
58.645969
61.911845
65.126281
59.821519
65.356654
62.399399
64.301937
58.768043
55.57423
64.323497
60.98339
55.599051
64.341685
60.001671
52.266847
57.700834
48.642265
63.780266
54.842682
62.827902
62.527475
54.538592
61.860136
64.910289
62.975591
63.912183
63.886561
64.028685
66.611451
73.108202
67.33461
66.507425
62.748755
63.280542
65.47457
57.632846
65.955994
66.07714
65.002351
56.134313
60.743579
63.340432
64.452379
66.200191
64.476616
64.656726
64.729959
57.682406
67.924768
64.136105
62.346924
62.77462
71.694268
71.600012
68.989668
68.097695
67.583263
66.634076
66.970831
