95.185769
93.12797
93.140911
94.951082
91.379405
94.275271
92.54391
87.287299
89.465427
93.711789
93.844525
89.155058
85.316691
93.061653
91.825203
93.672584
92.883107
85.285041
93.075266
90.846202
81.919469
91.570026
94.804688
90.846113
78.699019
91.900579
94.427409
92.002123
89.680595
83.728815
81.060407
65.449664
93.815403
86.469029
93.737152
93.468342
92.891727
93.334173
90.018808
91.491581
81.84628
90.74311
93.186022
86.275855
92.990491
93.008666
93.075251
92.335986
93.531916
89.997439
91.650438
93.132552
96.5518
92.877395
