95.04188
92.993421
92.663205
94.631222
91.220241
94.008071
91.990357
86.901358
89.183006
93.543081
93.546338
88.427441
84.8953
92.446352
91.28484
93.398396
92.327823
84.878653
92.557445
90.53784
81.443603
91.204137
94.422068
90.430097
78.497834
91.661313
94.035425
91.464462
89.094365
83.441894
80.666617
64.85898
93.421739
85.996012
93.277127
93.117886
92.554445
92.987961
89.666791
91.142449
81.532822
90.335655
92.918797
86.045615
92.59588
92.57244
92.668414
91.461991
93.037203
89.609796
91.228602
92.914953
96.548336
92.83899
