97.618173
97.601115
98.269148
98.183457
97.867085
97.94369
98.645248
98.362114
98.162892
97.771132
97.668976
98.062275
97.927257
98.524531
97.925835
97.694926
98.226462
98.006912
97.819593
97.656316
98.113949
98.174403
98.084067
98.148476
98.163929
97.868877
98.091017
98.008935
98.438961
98.241428
98.49219
98.382455
97.831106
98.403366
98.20456
97.889171
97.879914
97.875723
97.659007
97.91237
97.753718
98.220678
97.907677
97.712598
98.060802
98.077385
97.858158
98.01786
97.733446
97.93226
97.815178
97.649293
97.428047
97.428033
