58.264867
45.933162
47.526122
57.431974
56.99677
52.694989
48.347317
51.834308
54.605029
57.483045
64.009616
51.409512
49.946381
55.83835
49.393346
51.549538
39.500032
55.934727
55.41168
61.056323
45.243667
58.339931
48.919776
49.401263
45.043722
53.14116
58.549807
46.565186
38.972885
43.933893
41.428788
34.822057
58.234832
58.977153
62.406924
57.054374
61.659115
54.376356
45.355334
41.746651
40.032487
37.670991
52.239544
43.699302
50.669379
41.38098
44.682845
41.542731
43.050991
42.193065
46.280759
68.676116
83.3767
24.145811
