79.006168
72.957847
76.994403
81.46879
80.551409
79.539696
77.612539
78.807055
77.910579
81.363879
81.712403
74.873185
77.7399
79.124202
76.553756
78.842332
73.048407
73.330799
78.758726
81.012205
66.764388
80.083872
72.665537
76.162027
78.484168
76.20624
81.436982
70.630823
70.536534
70.483924
69.950131
59.63052
78.794516
77.540509
83.328026
79.467118
82.513613
77.566238
71.928728
72.245705
66.527983
66.537873
77.384048
69.239503
77.498659
73.651772
74.978622
72.401875
74.02064
68.725663
72.808598
82.058711
89.285199
54.935882
