84.789967
80.560436
83.352575
87.110696
80.148184
84.776324
75.988368
74.784983
81.873605
86.014416
85.84951
79.445366
83.107149
85.412796
81.614476
84.150611
77.66189
77.628536
84.229393
85.470275
72.611792
84.384311
79.190377
82.397617
86.382643
77.275974
86.12144
80.422208
78.601272
75.469774
76.243647
58.954608
83.222512
84.651032
87.075821
83.978232
85.752567
83.314682
78.85123
80.262215
73.986094
70.016763
83.881347
76.445365
83.534851
80.93111
82.339827
80.296596
81.76825
73.962117
79.57257
86.831025
92.263257
70.526812
