86.772122
82.806221
86.134236
89.215923
84.749336
86.677392
87.598026
80.804492
84.541385
87.66914
88.469795
82.471867
85.974755
87.248456
84.513124
86.454738
82.835135
79.677505
86.847631
87.433663
74.839875
81.61225
81.540847
84.750207
85.821722
83.490499
88.177843
84.259816
82.10635
77.397658
78.955583
61.175463
85.263964
86.623125
89.15176
85.780663
87.098008
85.746888
81.255589
83.330496
73.914292
71.889443
86.468233
78.832996
85.772758
83.794464
85.14112
84.316867
85.0286
75.764444
80.360271
88.322499
93.047757
74.566967
