95.643026
92.460069
84.905008
90.384429
92.627112
96.334932
91.453633
89.158263
80.761425
93.079923
93.076034
90.266702
92.767337
90.57954
91.986527
89.640529
78.216642
81.891433
86.583098
88.145841
91.60971
93.554926
91.25963
85.735438
91.115598
94.52705
94.821766
95.351408
92.732506
89.598443
93.95338
92.01152
83.587442
91.209261
94.747934
93.742952
90.60278
91.771648
91.793092
91.887046
83.220571
90.305749
90.177365
81.136558
93.586188
86.130754
90.60369
88.561087
79.629733
87.955811
86.867356
87.623978
84.181616
86.552358
78.861437
71.256685
87.015923
91.185155
94.393982
92.293664
90.346577
95.568102
95.284588
89.294381
89.978816
85.682063
89.094395
87.493108
95.563344
100.0
