95.743928
92.88204
85.273495
91.126494
93.779805
96.387298
92.347394
90.431762
81.966257
94.43729
93.936502
90.911603
93.6342
91.155123
92.585304
90.441457
78.581014
82.687862
87.304422
88.755912
92.516833
94.066923
92.356766
86.719513
92.218043
95.201346
95.081355
95.668815
93.123775
90.437655
94.688601
92.846356
84.097325
91.959695
95.708855
94.756606
91.752301
92.630572
92.900767
92.257143
83.799622
91.096743
90.971353
81.791726
93.973001
86.772335
91.697271
88.960201
81.397958
89.46759
88.786927
90.054738
84.876885
87.510554
79.812694
72.042288
87.596031
91.627374
94.844517
92.76275
90.826745
95.619853
95.548406
89.805954
90.515899
85.987166
89.522142
87.876856
95.71708
100.0
