43.521031
50.257453
40.809809
41.848732
37.038122
48.499757
40.217827
34.667388
33.497152
39.759617
41.996211
40.119052
38.155251
35.905443
38.095977
34.957238
34.201822
37.811626
39.831204
33.141906
33.218607
35.58927
32.345667
32.55659
35.142275
36.568109
38.278053
37.477213
39.165365
34.86742
34.359809
35.835892
35.714846
37.599599
38.791833
45.05012
35.505974
38.007778
36.704241
45.861411
40.455246
42.183423
42.700597
40.027871
46.778385
40.87912
33.847603
35.556372
26.855013
35.50545
35.027536
36.034293
39.580462
36.000905
35.217077
32.669838
38.641095
39.524389
41.277214
40.732521
36.094869
39.940699
41.899442
35.701376
34.449435
36.539273
32.545244
34.606386
66.916249
100.0
