57.037474
60.702656
54.981191
54.179208
57.0197
60.971022
48.546165
44.847169
44.06434
50.933275
53.597929
49.861543
50.72707
49.002388
50.728815
47.032614
46.211244
49.878069
51.771654
43.805143
45.851312
48.531822
44.55821
43.169941
46.797834
49.321606
51.229226
51.475597
52.851249
50.582653
48.190405
47.00573
46.583989
48.259546
50.660798
55.869993
50.360117
49.965943
49.083236
51.980102
52.530113
52.382812
53.202413
48.281383
58.5904
52.361437
45.738506
47.361587
36.632011
46.891907
44.879507
45.957983
50.705208
48.732831
45.811928
47.633444
51.424758
53.288802
54.299468
52.881314
46.878111
53.614938
55.90728
47.71571
48.434537
48.334428
49.353694
44.446433
74.815965
100.0
