73.467346
73.319487
68.215658
67.319774
69.458497
75.924683
59.850259
58.5834
59.35336
64.341591
61.923151
67.662014
61.818087
64.432237
66.233296
61.355716
63.967161
62.036555
66.026812
65.758025
61.303017
64.878032
60.076939
58.10133
61.755415
65.549249
69.240935
68.830311
68.853426
67.97736
65.32114
60.853356
62.55833
63.47906
60.707746
70.923063
63.622661
64.218688
65.01858
67.385024
61.970288
64.151309
67.018219
59.820684
70.271697
68.054076
58.776422
62.425883
43.095563
59.479314
56.460072
57.517043
64.801727
63.46685
60.482148
61.480929
65.064874
67.727296
68.349288
66.95473
63.02232
71.500647
72.944612
63.351895
62.67957
63.865297
61.575063
62.396913
82.004813
100.0
