74.013399
74.189217
69.581411
69.57214
72.447351
76.142125
61.318098
60.448714
62.606157
67.518584
63.402603
70.172297
63.632438
65.996982
67.916578
62.96871
65.306641
63.90897
68.035466
67.761952
63.824047
66.433298
62.768863
60.545881
63.849158
67.341805
70.019375
69.695941
70.022453
70.797769
68.398555
62.41576
64.609169
65.446779
62.925705
73.922745
66.453637
66.634881
67.696765
69.132217
63.747895
65.464544
68.769268
61.440133
71.741098
71.145209
61.879085
63.775383
45.821669
62.379639
60.38307
61.696618
67.356623
65.707199
63.451623
64.049211
66.531675
69.635273
69.657245
68.141326
64.322751
71.643797
73.734241
64.994861
64.259871
65.037338
62.918849
63.700885
82.41472
100.0
