83.239407
79.088752
78.244626
76.416711
79.96947
84.567165
76.248004
67.723662
72.922434
69.190447
72.328512
80.461306
77.150956
75.891017
77.696396
74.873684
75.227806
67.644975
73.367725
74.165915
74.471589
77.095689
73.905882
64.778211
74.2938
77.848894
80.759747
80.456354
79.524808
68.275399
72.306885
75.566173
74.571525
75.009326
78.944234
81.909428
75.691715
69.358337
72.956433
77.453888
70.87747
74.541877
76.682041
67.598921
81.696593
74.409412
73.160294
71.803412
65.637145
72.485165
68.797484
70.041449
75.857542
67.116938
71.406109
72.498353
75.017663
69.635273
76.241219
77.115314
76.485287
82.344277
82.867304
64.994861
73.866446
72.937528
75.152466
74.930472
87.75303
100.0
