84.795043
84.084533
81.835406
81.843631
85.276713
87.117399
80.638542
68.147752
74.820779
82.638606
76.35701
85.189324
72.838903
79.56667
81.372331
78.941525
78.823679
73.290304
66.268122
68.623832
79.790781
81.616152
79.567182
78.382316
79.448733
83.516347
84.112704
84.110163
82.225102
84.616772
73.344001
80.148355
79.223696
79.630657
84.512886
86.462028
80.731198
79.719819
82.225457
76.588732
74.286031
72.004359
76.970511
72.626771
84.520622
77.778353
78.108889
76.775509
67.171805
78.298594
76.046318
77.420279
80.688333
78.911184
69.830896
77.526789
78.127631
84.815935
82.493399
83.924695
78.441754
85.19639
85.671082
78.186734
76.145421
79.043368
78.813521
71.8913
87.75303
100.0
