89.985828
83.982568
94.798387
93.236339
86.771821
93.993748
91.599281
90.274353
92.536423
76.069563
85.466569
78.375943
91.398836
92.927937
92.838692
91.503347
93.755519
92.970905
76.483514
82.592598
85.131173
93.896946
93.708408
79.349907
93.913343
89.317866
95.487117
77.841449
93.780794
81.913489
85.166633
91.00519
81.099747
84.846915
93.80055
93.843294
94.608297
93.825899
93.023813
93.345036
93.805505
87.448451
94.11447
94.409101
88.448285
93.604556
87.973201
89.901527
84.58734
70.952903
92.842781
94.137347
90.340062
91.805341
92.76375
83.649218
90.283751
90.840761
93.900914
71.85062
94.239437
79.803039
77.10769
91.050673
90.24026
92.071658
