97.636988
97.964541
98.314514
98.171081
98.452418
98.326895
98.322324
98.998619
98.611856
98.98306
98.883521
98.872434
98.723999
98.489403
98.551983
98.600164
98.852893
98.335356
98.201417
98.520386
98.408948
97.811872
98.61783
98.537455
98.371351
98.580564
98.58496
98.790151
98.309449
98.352942
98.178827
98.719877
97.754112
97.900327
98.460176
97.970101
97.703038
98.353748
97.868043
97.900249
97.680946
97.862829
97.73948
98.056119
98.647342
98.581291
98.243995
98.402498
98.474973
98.795354
98.769008
98.605482
98.619711
97.980373
98.101762
98.504101
98.539629
98.226768
98.754674
99.021869
98.411893
98.790179
98.377223
97.971775
97.560679
97.440657
