36.442753
39.857283
48.777966
42.679294
44.551431
52.882399
39.090186
42.465817
30.250946
33.798467
38.648093
36.927712
30.876443
45.435375
40.802569
43.508094
43.038625
27.761057
16.049633
28.362577
37.329711
54.760574
27.541727
45.661157
43.952604
40.786218
53.373722
40.624629
48.657764
28.939663
46.386052
48.582317
30.976723
54.20737
41.710513
47.764116
60.228061
59.477318
52.511391
58.571953
55.324572
53.566239
52.214553
60.21441
69.004816
56.498631
61.995107
51.824738
48.483924
40.550307
37.708537
36.567253
51.825249
62.599009
65.776843
43.470065
45.366345
44.689281
43.292282
41.217836
47.123321
54.492857
46.934648
48.738659
48.734806
31.658963
