49.085212
51.014539
59.696008
57.164911
54.67886
62.960284
50.648523
56.307084
44.768991
45.939313
47.738184
33.446757
45.521859
59.121324
54.098897
48.109762
58.515277
42.91782
30.931327
44.710446
48.872856
65.950322
44.799741
57.890099
53.683569
54.130372
63.257025
55.83215
62.13647
42.782061
52.937038
57.586797
45.279934
62.714012
51.275529
58.479303
69.224398
68.129354
63.024967
68.630998
66.404231
62.306854
60.431429
65.144129
75.509918
66.572499
68.824714
61.336759
58.079721
50.509413
56.566619
65.592966
52.540396
70.795685
73.694836
55.01221
57.171723
54.271164
55.649683
50.871002
59.542062
62.895363
53.463616
57.610624
59.194252
44.230717
