67.421865
65.645329
77.860546
76.503743
71.733867
80.290489
70.383468
75.064463
61.503338
60.006688
60.791587
57.488861
67.129672
77.021113
73.396788
57.853198
70.982024
65.647308
50.745418
57.401447
64.892992
80.22974
60.253839
77.657529
77.290272
72.879937
77.327632
72.524262
75.70529
63.667398
70.811045
73.304734
64.179209
79.279812
69.22353
74.60942
81.566213
81.864903
74.217
81.537444
78.139759
79.212044
78.61786
84.434073
86.549694
82.278305
79.568145
77.735505
72.388307
62.959501
70.543769
65.92804
67.190847
81.591689
83.917025
65.864468
75.227244
69.484416
64.12307
78.525813
65.81706
81.120126
68.964824
72.789311
76.260161
66.41525
