76.258898
74.937202
83.852187
83.378183
76.860303
85.306123
81.693142
78.136825
73.232438
68.654346
65.624066
71.188822
76.413077
83.411146
80.910409
80.908528
83.621768
70.289722
60.827668
68.992468
74.511997
86.31296
81.730983
82.024614
84.562295
79.181966
78.802548
81.423769
84.309857
78.782727
72.938873
74.00064
74.460876
82.979601
77.462154
81.200856
86.530252
86.440491
79.522943
86.872635
85.98862
78.366487
85.876039
87.512703
90.106046
85.871579
83.10459
81.955622
77.399284
71.511764
84.713571
74.778174
68.875958
84.16755
86.697859
72.961225
80.106767
77.274557
80.346845
73.291091
72.48263
85.337181
69.90828
81.59433
82.774154
76.298864
