78.422735
80.36393
84.952653
85.622445
78.845816
87.187244
83.783955
80.709265
69.071056
71.046397
61.773814
65.312819
80.363721
85.87594
84.104447
84.370954
78.828232
73.87094
65.043293
72.405925
71.133077
86.35367
65.660371
72.236616
87.151115
81.861694
73.716607
83.702991
87.151005
77.9772
76.074077
85.056178
71.090353
82.209136
81.563033
83.938739
88.606608
88.010017
78.887593
88.371018
87.739291
84.941722
86.926219
89.026774
89.519955
87.798593
84.149198
83.541454
79.615053
75.35855
86.327298
58.659537
85.418992
78.800751
88.089284
76.105144
82.620593
80.168559
85.862114
84.508215
66.492674
81.916805
71.140051
81.445888
84.264586
79.254056
