95.463108
74.02482
93.371364
94.59198
78.363661
83.011293
79.435842
85.439891
74.572725
76.920297
67.741419
92.67773
90.830711
93.537342
87.126367
94.08122
71.387778
93.201556
92.626457
93.65088
94.343387
90.821555
84.067568
94.873133
93.017245
82.184436
94.653186
85.867771
76.853334
85.132486
79.309107
92.196139
76.68976
94.459842
93.909189
91.593983
93.416115
92.438563
83.531074
94.59256
85.065217
84.617767
92.875265
63.610963
92.991555
74.181901
94.136071
82.642693
65.171553
94.956135
72.30884
92.456256
97.128504
97.428043
