95.760001
74.424404
94.038007
95.236231
78.991734
83.81641
79.783863
86.238549
75.020991
77.39813
68.269634
93.445411
91.553056
94.241243
87.680737
94.844669
72.186359
94.176929
93.287047
94.369856
94.507035
91.796677
84.785586
95.541854
93.577019
82.8812
95.164555
86.590119
77.696453
85.906848
80.303912
93.57886
77.428122
95.16424
94.613311
92.637147
94.233887
93.374327
84.082818
95.532237
85.922855
85.56689
94.232191
64.72926
93.846508
75.006002
94.719755
83.292469
65.697274
95.358885
72.914551
93.094837
97.15814
97.428043
