45.429106
43.454725
51.978835
53.613644
38.116003
42.430076
38.632687
41.04516
44.692302
41.779228
43.642301
40.647936
29.930493
45.876334
51.231001
48.857029
38.619329
45.389958
52.317418
48.115124
62.017997
38.737503
39.740576
42.375685
50.357432
42.28336
50.530682
33.529457
47.674055
47.382523
39.149977
42.962659
42.085524
50.60031
47.952323
52.166722
46.007972
48.088146
50.890434
50.993996
49.811856
43.047318
31.561961
35.955047
39.597889
34.241377
48.91714
43.891265
32.001304
46.435498
33.718238
55.39928
90.111194
97.428043
