57.688654
54.463642
65.581669
55.0194
55.499628
57.666298
51.701757
60.136323
58.602457
50.157878
53.448611
53.110557
46.284073
61.107389
63.842609
62.63566
45.8617
62.89808
66.090665
60.941891
73.536562
52.904846
59.764366
55.579378
63.298108
58.369497
59.533329
47.904942
64.274147
52.010599
48.970645
43.152983
67.029173
65.167528
57.891176
63.813693
60.501451
60.820693
63.478607
67.66062
62.851218
56.545911
56.678506
34.72174
57.11527
46.739482
63.062948
57.274205
43.044207
61.431658
41.454323
57.577566
91.936087
97.428043
