79.687918
63.689984
79.058584
66.779715
73.198834
74.58014
65.972722
77.533946
64.432972
65.93529
64.932447
74.83221
59.895404
78.691113
73.238112
79.260662
68.64717
77.576069
74.825259
80.182781
85.126754
63.877255
77.030033
67.649089
77.312004
76.933302
81.603393
67.006114
74.658787
67.078934
65.85272
81.049985
80.076709
80.219844
67.397165
79.302603
76.87655
77.961309
78.506969
82.369573
68.327222
64.285916
72.575519
50.355446
75.359577
65.095442
76.755674
72.745672
55.042022
77.214777
70.357586
66.584691
94.338828
97.428043
