1735042
1695141
1925857
1670711
1910332
1859312
1888886
1677421
1844829
2003874
1992983
1897736
1921743
2072078
1758285
1768316
1847269
1992024
1901808
1875305
2020616
1811437
1992420
1918465
1930463
1810705
2013509
1917720
1745059
1643556
1847769
1892935
1950478
1906791
1754613
1754788
1750461
1808282
1546806
1472877
1232241
1308133
1530254
1917463
1921693
1762024
1738425
1986066
2084144
2112326
1911507
1677164
1853639
1474128
1184474
1199115
1976756
2009928
1912289
1722327
1887488
1765526
1747056
1707354
1763871
1783633
1712133
1756124
1687434
2078824
1663001
1788126
1847073
1886101
1771445
1824603
1670737
1787813
1984323
1836322
2082335
2078299
2206934
1950124
2129369
1609662
1867066
1986452
1923174
2016090
2003271
2073947
2250980
1916176
2045047
2107729
1872217
1787815
1849299
2025326
2100628
2176607
1549321
1810184
1776735
2038907
1795627
1749285
1810584
2108810
1992889
1886025
1704386
1845603
1910369
1840351
1943419
1817090
526721
