107932
92575
108419
105581
108561
109579
111550
111917
114387
117327
116805
116927
112646
116158
116228
108970
111618
121381
107197
103803
116131
121369
108399
111107
119967
103693
112499
109090
110979
116982
112032
113665
114984
110101
109475
110670
110593
113330
107456
103535
94189
102479
110247
116463
114593
104916
113371
117289
120353
121458
111135
112368
114858
103249
98488
102634
110082
123138
114150
111392
115986
112617
119984
118756
120510
114782
103314
116363
113254
126081
106180
116454
123476
111675
113756
122124
114042
118528
118522
109005
121777
117311
120810
108683
118385
105250
112432
116394
114786
120407
120998
118380
123306
108769
116498
116043
104972
99361
108288
115345
120108
122653
103067
107887
105454
122414
106073
113985
116465
121121
117207
109844
104992
114010
116705
108449
116750
116227
30965
