169367
145489
166537
162348
168310
166743
169947
164561
172797
183229
181005
179686
168214
183098
165994
166892
170370
183708
165552
157111
177236
166395
166886
162306
174524
161412
177875
161421
167706
182667
172406
174445
173880
166002
164755
165896
170553
176791
167067
153467
139104
151732
164471
184318
174487
165819
172440
184224
186510
191484
176044
170616
176281
156057
146704
149838
172693
192500
178752
164697
178334
180798
182453
183484
178061
174844
157594
174678
170018
182819
175306
170389
188417
173523
180538
185784
178182
185931
189275
169072
188238
184355
187359
166774
179894
162292
169006
179353
174747
182785
177033
189921
195779
168618
180060
172056
167437
157239
164445
178260
182119
184571
157525
163287
159997
184342
170417
174123
179705
180631
183593
172504
163789
173375
172507
168719
175852
171626
53751
