326630
278602
348457
307475
325298
309473
320966
302485
317004
355851
357748
321119
328791
355817
337823
329342
332663
370575
315412
299472
336125
312267
309842
309095
339208
309528
347063
332883
311675
360353
320215
335375
340899
327214
313760
329567
316565
309798
275450
285825
240093
274703
278419
354162
332458
324808
321290
349053
377564
356330
338959
302802
334663
289046
250762
272634
326315
350918
346186
308617
348607
317802
324748
320279
309253
316471
292271
337799
335236
352186
337783
333296
368157
328488
357407
354567
350752
363044
359647
337747
371820
361399
362854
328316
344794
302064
317153
346194
328956
361520
336006
375622
376613
340693
333013
351748
331388
305594
318283
351761
364444
361482
286164
314143
307920
342349
327132
328690
332493
365500
347315
342100
308470
323916
335292
330020
340871
340669
102775
