457978
379755
450839
407188
441034
433357
439635
395515
434832
493914
467642
435565
444995
512192
441466
441575
467519
491756
441817
406225
459506
428782
424356
412805
451503
423580
447346
438563
429283
420069
436588
462393
463481
426573
409975
433934
430809
391744
334660
370471
336707
369033
407921
456722
465043
428518
433310
499807
516037
512591
462741
407218
436175
390327
357210
346653
449735
454583
467564
407194
465791
406517
426836
440403
417109
429465
395889
478458
448009
474930
438030
445107
489473
473032
485854
502683
476311
500954
501912
447204
508535
496836
480710
445044
470604
395800
428168
463685
458809
482764
483408
513377
529621
472728
472293
473837
445315
405415
438772
475261
508090
516727
389473
422002
411173
468486
438754
458282
452939
503177
480146
463445
410250
442737
442652
433487
464799
424193
135386
