765555
662776
776547
703737
752998
735311
748275
663885
692710
841844
801906
725868
733354
841954
746488
732331
778256
810467
746158
686817
797128
734639
705023
726086
782214
714066
765244
758168
717364
698789
732061
768376
752225
736938
670497
700590
705543
722262
560358
512066
401861
514342
589655
789322
756061
695813
726032
813181
846413
837542
770709
681854
733214
549883
442473
417908
738554
793221
798570
691900
800308
673858
691132
720499
677083
712859
669541
784327
753611
797669
771275
745302
815048
803822
821948
844251
790755
858145
855419
754192
833185
863164
849363
763881
813629
669549
725614
782660
771064
827352
825391
859173
864286
789443
778655
805051
746010
682881
719181
784943
860764
832765
642969
711747
683930
788307
715946
727994
740640
860380
792336
762690
691438
746123
759816
728002
800926
694076
220488
