83.890718
80.276923
93.305434
93.892717
92.803614
91.766611
93.273014
81.578754
79.45018
91.045037
84.039482
95.70522
95.28472
89.186129
91.308853
88.705252
90.497667
78.935303
90.068331
88.360382
81.360607
85.347761
93.231808
88.395862
81.052482
90.008295
85.983125
91.186481
82.485835
85.009729
95.867985
91.231506
93.720761
95.004702
94.042391
93.989013
87.385723
84.934691
81.714631
90.891521
92.3456
75.102225
91.055684
90.546729
92.431722
83.413466
92.054052
86.615739
92.912221
83.964236
82.278925
91.046182
73.859607
89.458215
87.000593
93.08465
94.455239
81.313927
93.423794
93.721866
95.18102
91.644571
93.634641
90.939726
90.743942
93.294838
