29.016442
23.490274
33.586897
40.595604
34.650969
25.303222
34.950538
23.313723
19.685576
19.772754
14.929575
38.898674
37.368896
26.974274
30.538915
30.542981
25.943619
28.077625
39.851893
27.372747
23.759375
20.76665
25.396039
27.832315
35.0247
52.757027
50.328788
31.98088
25.971097
30.060651
39.955524
44.076246
45.37519
44.502381
46.3432
47.330308
26.830785
20.916734
22.084477
23.23533
18.72512
20.283199
25.296635
28.281704
26.653418
25.830087
34.950129
32.437329
34.184842
40.509898
38.420157
49.003834
22.698057
24.804108
41.234916
55.339886
55.796118
36.773756
44.003098
43.849379
23.172483
40.097399
35.40797
26.294848
26.196111
64.734552
