41.083302
52.386514
54.368853
54.967614
52.482496
43.754318
51.146834
39.604068
33.5641
34.314301
32.713997
55.990636
54.111992
39.826449
48.999301
45.720231
41.772645
48.96207
55.713757
44.7646
38.760451
37.08558
42.652868
43.55365
48.046035
63.952786
59.627663
44.842239
41.088906
46.545103
57.879795
59.80468
60.31272
60.753529
59.648973
60.406629
40.761184
35.851164
35.084581
36.824578
33.514829
35.139837
36.955476
41.514858
43.243208
43.794448
49.719428
46.881207
49.618264
61.137342
56.060955
62.505597
30.28672
40.444182
55.374394
70.548916
69.829035
50.182596
58.069644
56.45749
39.052714
53.897809
50.725074
42.132892
41.826249
72.563162
