72.872016
78.405385
80.76409
83.71008
80.684531
75.4537
79.623616
66.364398
63.40183
71.682353
62.67749
84.741919
83.321469
69.836677
77.874665
74.929492
71.604298
65.953481
80.540601
73.8692
69.10939
66.519036
77.869982
74.818519
73.59542
84.228957
83.959369
71.052126
62.210891
74.801733
83.540264
85.586966
83.531253
86.173226
84.106965
84.588263
73.261886
70.146014
72.053476
68.471116
69.192503
67.113966
70.530221
73.895549
72.354875
71.480245
78.035084
77.059832
79.6764
70.261288
76.548972
84.753559
74.329541
71.395273
77.8473
89.311213
90.023327
78.073698
83.73193
82.647474
75.491554
78.358363
80.794367
74.397181
74.099171
87.697514
