74.825081
83.631097
85.366432
87.219797
84.722855
78.944199
83.146935
80.83319
72.148106
78.635103
68.45667
86.72753
86.87156
76.077264
81.35844
77.216929
73.569567
69.44853
85.006023
79.63663
73.014072
72.59968
83.64812
79.791125
76.372126
87.105348
80.455939
79.443709
78.402177
78.469765
84.710745
89.078271
88.219046
90.103795
86.800014
87.199447
80.611154
74.947978
78.89861
69.359086
78.213963
71.424909
74.240204
77.928876
78.877185
75.088866
81.28629
79.815839
84.426851
67.761383
79.89525
85.444581
81.927799
82.013619
84.575901
92.523192
92.237002
84.016199
87.216863
86.698959
86.344324
87.188981
85.218635
77.699996
77.371911
87.271415
