91.033326
92.207542
94.655991
94.764656
93.434871
82.957367
88.779884
68.960758
91.961028
83.49566
82.528341
79.288605
85.763618
78.717233
67.20567
93.700714
92.938946
81.400801
90.431827
71.863433
69.065691
54.850067
61.956046
77.119135
72.910262
66.678683
69.697151
90.511341
89.565565
93.74878
93.361208
70.001782
87.457268
92.600737
88.753743
94.879494
92.742647
92.128822
75.964256
87.254616
68.923542
87.591857
68.111806
95.404504
95.506633
95.375036
95.405415
95.280385
95.570141
95.931392
84.382201
83.275116
92.888447
91.751725
92.577479
90.134808
87.033387
90.982974
90.116973
92.879602
94.650582
91.252615
90.727353
92.069506
91.816916
90.456415
86.730274
61.82764
82.879266
87.940947
81.739595
75.244269
93.987126
93.953519
94.700951
96.067523
95.749127
96.019627
95.636881
95.497233
95.464682
95.273673
91.498412
74.726218
76.808471
85.914487
78.293251
92.751043
85.691455
69.987338
88.273751
72.073185
90.866424
92.130325
88.609705
91.6323
91.100108
92.610773
96.948783
96.811885
95.460269
95.694189
95.754179
93.611046
94.009755
94.630601
94.617129
91.098967
91.600698
87.529408
93.724074
77.659648
81.169666
70.281654
68.92229
94.994878
95.850326
88.064209
94.894085
88.68717
94.263615
85.886054
93.022508
94.637912
87.736592
92.920991
91.353413
89.933495
79.155933
56.416534
79.156926
84.065205
67.350133
70.422086
76.468534
93.980932
91.739003
95.047358
95.280826
95.299281
