91.590759
92.729488
94.72156
94.812372
93.717992
83.397911
89.175917
70.326313
93.356607
86.203353
84.299744
80.786396
87.803482
82.812757
69.047558
94.152949
93.386153
82.264959
91.874051
76.410041
74.102646
57.543815
65.002524
80.921335
74.140768
69.667672
71.05927
92.236462
90.958229
94.161905
93.911566
71.447876
88.289593
93.45024
89.263711
95.075519
93.503619
92.822596
76.076595
89.668706
70.947789
90.169987
69.226439
95.435033
95.579551
95.502199
95.490743
95.376034
95.615086
96.344919
85.979291
83.976727
93.758318
93.827741
93.315821
90.678027
87.605008
91.283009
92.184045
94.00909
94.844335
91.643766
91.460924
92.227369
93.030636
91.688114
89.605434
63.379853
85.11494
90.557713
82.689691
75.836324
94.470718
94.377194
95.228043
96.088372
95.764407
96.056922
95.641256
95.513004
95.477235
95.322116
93.012284
77.802602
79.774171
88.32636
80.997935
93.910468
88.544593
71.561948
90.768001
73.566359
92.178765
92.753104
89.410502
92.484735
91.494388
92.78019
96.98041
96.811838
95.47069
95.713457
95.774902
93.777268
94.086191
94.648476
94.616276
91.886245
92.284375
89.322386
94.012994
80.169496
83.891493
72.788693
70.56393
94.999395
95.856785
90.169903
95.288326
90.631605
94.760121
88.196462
93.962597
95.217671
89.374947
93.258296
92.665485
91.815374
84.116143
58.826747
82.093938
87.265336
69.009419
75.080236
79.921348
94.63283
91.950883
95.076959
95.300478
95.312111
