99.711548
98.547286
97.522747
97.658986
97.774351
98.495042
98.183096
99.849947
99.000511
99.075864
99.468378
99.371815
99.482562
99.849955
99.563594
97.825099
97.820653
97.95084
97.757983
99.822881
99.765856
99.725072
99.668634
99.486202
98.925728
99.822976
99.025037
98.246853
98.308851
97.57576
98.129385
99.229608
98.749943
98.652747
97.924262
97.583179
97.960426
97.77082
98.263572
99.806009
99.849953
99.730735
99.657635
97.668637
97.915935
97.961169
97.924763
98.023542
97.911259
98.372805
99.349957
98.310215
98.080667
99.696126
98.682293
98.584578
98.580285
97.984443
99.440029
98.937484
98.029539
97.651019
98.526426
97.602208
98.23421
98.388423
99.888133
99.887075
99.892741
99.553709
98.824212
99.328914
97.718156
97.450913
97.859092
97.500059
97.544125
97.757763
97.466536
97.471772
97.531982
97.475729
98.584349
99.341177
99.120374
99.220295
99.491711
98.610641
99.595552
99.727322
99.547324
99.182516
98.82259
98.037828
98.378712
98.340634
98.083075
98.971298
97.428885
97.427987
97.558725
97.643857
97.614783
97.549001
97.515879
97.427848
97.427747
98.787381
98.506798
98.256206
97.617666
99.389645
99.055363
99.682263
99.546841
97.51784
97.712356
99.557181
99.52392
99.560846
99.395383
99.335815
99.542496
99.55432
98.373161
97.47738
98.020277
98.447149
99.926792
98.944751
98.38375
98.284542
99.224215
99.556025
99.826377
98.237502
98.190893
97.429484
97.428144
97.42816
