41.888095
30.178673
39.117096
42.953759
37.843936
22.747317
27.635585
17.724088
24.366922
16.442366
15.969338
15.036863
14.715044
11.014997
13.024434
27.28997
26.251466
19.985829
24.221435
12.448243
11.355634
10.123797
10.060519
12.281403
22.154413
14.273799
18.532837
24.871729
23.179234
32.730862
29.751831
25.177798
25.332235
30.96473
33.475772
50.920922
38.5868
42.965586
45.440023
12.307737
13.746912
14.062846
19.496595
36.89457
30.232008
40.033693
32.911095
34.284169
31.782949
30.67835
18.230417
23.347828
25.789642
18.965521
27.554633
36.13318
22.100628
28.881588
18.392408
22.22988
35.362373
18.038714
26.580306
38.607085
27.945534
24.135743
16.018025
16.291178
15.855623
8.948753
18.263032
21.513552
28.906732
34.888168
50.380527
45.740961
37.759655
59.082701
47.124458
41.922733
38.572143
37.759975
31.527243
12.791652
12.327197
13.650092
12.011108
28.273031
15.640152
14.915469
16.826696
15.924955
22.791963
31.386269
25.810046
23.993267
24.993236
42.391113
71.747032
68.070189
42.547654
41.398752
36.904099
26.815772
26.550343
30.284981
30.113852
25.188241
19.186878
18.550051
26.942803
13.989976
10.722008
11.300483
21.348567
52.14019
54.064461
30.634653
40.077217
24.881133
39.065043
25.783704
34.478268
35.41202
16.404783
25.651784
23.42672
18.213213
11.69597
10.118995
11.220652
13.515095
15.554632
14.600138
15.870551
27.116915
28.42161
34.241179
34.274465
34.263864
