45.619343
43.460484
52.38938
55.754736
51.348223
35.920194
41.972619
31.644677
38.458296
29.000776
30.066874
28.441748
29.862573
17.725605
30.75611
43.082005
41.121009
32.802806
40.25713
19.767167
20.456737
18.27951
19.255489
23.58417
34.509231
23.632444
29.335517
38.730436
38.067967
48.325118
47.201875
35.612761
43.82841
46.734673
47.635551
62.426168
51.367699
55.842988
54.845891
26.068127
26.552664
23.772163
37.019086
54.124327
46.436006
54.963494
50.58496
50.093846
47.048005
47.700212
32.42092
37.312229
40.820261
33.816149
42.527675
49.344103
36.929434
43.331824
32.54203
36.532619
49.868241
33.279833
41.757867
54.201112
40.583111
41.961032
27.808185
28.676673
27.550759
27.445378
32.796761
43.428622
44.11617
49.647247
61.967717
59.821525
53.694189
70.371129
62.174949
58.151133
55.100082
54.332074
45.250211
20.202147
24.268472
26.382911
21.872335
44.046002
28.927702
27.255818
31.419777
29.80365
37.394952
47.228955
40.39237
40.006862
41.696911
48.490416
81.920072
78.812676
57.839919
56.490541
52.783134
40.631114
41.520541
45.871158
45.70382
40.699938
34.409462
31.759003
41.232339
23.047427
23.763634
23.094928
34.816775
61.726704
63.813774
42.153125
53.691
37.542426
50.466324
35.702174
47.807899
53.853567
30.064598
41.729155
40.811529
39.394161
22.400061
22.072454
24.246882
25.767851
26.822343
20.248161
30.167037
43.218321
42.583443
51.108984
51.146215
51.188777
