68.616403
62.222513
69.850553
72.209395
68.150635
54.972617
62.749809
49.027425
58.29279
44.732985
44.688304
45.310575
47.416826
37.736091
39.127441
63.697693
62.813206
50.16382
57.610348
29.277983
32.617049
28.306096
31.598005
36.996085
49.577294
37.697677
41.754358
56.6416
56.837729
67.055478
64.308152
47.849669
64.335372
64.85832
61.441181
75.726461
67.03281
70.259114
74.013253
35.497682
39.550435
48.660928
43.211224
72.178147
66.990123
71.773866
69.198368
69.323358
69.361368
67.332573
51.358532
51.542303
59.904092
49.459463
61.125472
64.990367
57.030744
63.938922
51.861815
58.456065
67.840236
54.093052
60.161372
71.155413
61.626212
56.880312
44.493445
46.734764
45.05341
47.008106
52.703543
64.323296
64.838768
68.349182
74.95492
77.355182
74.356781
81.677549
76.996
75.162098
73.530359
73.034752
60.644365
39.42877
39.311655
42.857648
38.537302
61.783288
45.017489
45.734995
47.086792
47.793649
57.375141
65.660218
58.610258
60.681194
61.458708
56.656509
91.147975
89.293935
76.955009
75.754573
75.764025
61.828613
63.544321
68.032002
68.043641
60.631353
54.671907
50.462937
61.191103
37.48229
42.019561
39.18924
51.429304
76.827447
79.074948
53.54287
70.634733
48.53271
69.084264
50.541135
63.980784
69.644779
47.987787
61.482786
59.087716
45.74258
37.306517
30.246849
39.878775
42.628438
39.749053
32.241782
37.159651
65.307371
59.227242
71.657964
71.79385
71.862189
