91.267195
79.670042
83.800229
84.789096
82.554379
73.544301
77.034541
78.125526
81.842826
71.310986
64.343872
68.334908
67.934647
67.100289
63.939721
81.81507
79.784806
69.475455
79.623289
53.828301
59.718375
47.024005
53.070736
61.441377
64.586481
68.934917
71.557012
78.035427
79.151141
83.630022
80.636959
63.084363
79.511396
83.807558
82.7848
86.954394
83.315775
85.084323
78.631983
52.738131
61.535477
78.181129
66.020568
84.953053
82.125551
85.331952
84.561057
84.239548
84.05794
85.391891
71.557153
78.891698
80.09562
80.880324
79.788131
84.796547
75.133237
78.254152
78.814694
76.155845
83.225123
73.998987
80.352912
83.088574
81.177026
79.683349
68.76766
52.658229
75.805636
50.46643
76.551558
84.029828
84.502273
84.788179
87.984283
88.545953
86.489242
90.215439
87.877694
86.940804
86.110577
86.029799
81.404607
69.592526
70.285117
71.997273
65.270976
82.860305
64.415063
75.383151
73.12403
62.067624
79.778619
82.103147
77.401141
75.76405
78.790292
68.06489
95.169531
94.227717
87.942704
87.778532
87.900283
78.575963
79.978111
83.066584
83.082916
78.729636
74.750212
74.817766
78.771158
58.826922
71.048707
54.053046
75.996952
86.801204
88.380999
74.496949
85.105335
63.477328
84.409158
68.460371
82.682641
85.654921
72.983173
79.247332
80.46562
72.100515
65.321381
68.51601
65.337453
69.796879
59.123571
67.719076
54.743532
83.693953
73.306444
85.626727
85.746955
85.775517
