63.809539
95.478157
94.108609
62.908709
95.424956
44.407086
96.503345
97.685713
97.411633
96.070375
98.828751
97.585832
95.461724
97.298712
99.040069
97.035302
98.975516
96.596212
62.675658
58.930698
83.378085
95.080457
61.350899
90.605023
92.517397
89.526413
81.522862
65.447082
60.169831
88.863388
89.759562
85.672017
90.846432
94.085121
95.488594
78.388943
93.855813
85.9027
92.766786
94.920607
93.304916
94.45368
90.066503
85.442226
64.992475
86.636698
66.471746
81.928834
52.378724
85.866026
85.868753
81.651976
68.218078
88.955601
84.510818
88.668702
90.720539
93.330486
81.223217
91.475915
90.134595
91.139279
47.453659
78.874889
89.110171
84.260217
78.099207
86.382103
87.479425
69.015364
63.843546
68.556353
93.490519
