64.304122
97.389576
95.911725
63.675046
96.061406
44.926725
97.460522
98.650279
98.200545
97.001859
99.475237
97.656441
95.691277
97.87696
99.516199
97.586026
99.486574
96.900466
62.814112
59.21678
85.318799
96.00129
63.109328
93.46774
95.434717
92.370164
84.003562
65.988366
61.927607
92.351031
92.604215
87.280483
92.748299
96.028018
96.749303
79.994893
96.115285
88.351579
94.945319
96.630398
95.441652
96.697878
92.822776
88.012095
67.117501
90.067591
68.526723
84.171064
53.182928
90.174532
89.24072
83.79639
70.403774
92.261324
86.135994
91.329886
93.70429
96.151692
83.895967
94.292587
94.167863
94.065108
48.306128
80.822558
92.503145
86.982035
81.525411
90.57015
91.04984
70.93562
66.793515
71.492514
95.244183
