29.265189
18.030719
22.127714
17.544995
24.512958
24.482802
29.907777
28.092171
26.481215
31.279364
33.282594
44.415074
39.84077
40.172893
42.196122
44.170536
38.029232
37.958782
42.045151
28.066556
10.233354
23.20518
10.103083
19.746921
16.920633
20.371337
27.927385
48.690664
11.848142
14.487822
13.291159
16.369044
15.272955
14.526748
24.05108
10.64582
14.053516
16.969765
16.019634
11.236466
10.774454
20.905473
18.832608
11.815528
16.770949
16.519596
15.992832
34.113917
19.176006
11.306412
5.969015
10.989842
10.343609
6.719874
8.368262
8.204367
11.040405
12.804615
11.394636
14.975
19.000879
10.56179
16.192588
14.229538
9.964648
10.149239
9.640867
7.793647
10.28654
18.396386
7.561193
14.796379
24.636333
