33.369954
35.564733
41.517995
38.12827
44.928772
46.442292
51.642124
49.511331
46.283644
51.981431
55.623426
63.818594
59.488448
59.486383
60.13153
59.840331
53.750837
57.648167
62.34968
47.09413
25.653401
42.305035
29.801123
36.448362
31.228964
36.664759
42.688406
66.153957
27.838493
24.996956
30.529961
36.169623
33.594185
33.694802
32.395491
23.446958
32.601297
30.842799
31.90428
30.088135
35.324631
29.554057
35.148082
25.845146
25.834395
29.586631
32.236474
49.863497
43.745171
26.453799
20.84057
25.8605
23.020956
28.999747
25.746811
28.800698
28.382967
22.787362
29.209087
33.687299
33.596937
29.242418
29.971969
27.650954
26.033917
24.723516
23.294938
21.406524
21.834491
32.358238
23.485749
28.076311
44.980319
