43.412862
62.054877
67.960886
58.897998
71.463566
73.095575
75.537528
75.355062
69.433424
77.384222
78.80561
83.112055
53.60459
80.516022
81.243876
80.434754
81.415377
79.382154
39.72106
72.525349
50.585322
67.477348
57.082998
61.206961
56.062947
60.638809
66.169074
84.013204
42.785492
46.896132
57.774977
62.782967
62.02401
62.492784
68.445245
44.510584
61.04071
56.978629
62.882766
53.956141
63.872327
66.672887
61.479202
48.000962
56.34207
51.576273
53.63758
71.13039
70.00526
53.173095
45.235482
49.092161
43.712012
57.232683
50.95377
40.146111
54.435466
66.791629
56.023728
54.871567
45.300496
57.609492
53.967899
59.113155
52.620832
52.408627
49.285514
42.292631
56.739112
46.17562
39.081868
43.100854
69.777458
