41.181999
56.350238
60.413198
52.896315
63.829589
66.014005
69.172027
70.32021
64.673498
72.044197
74.347773
79.593145
50.265126
77.029589
77.025424
76.756721
76.986415
73.471742
37.662402
65.293702
44.477972
59.679812
48.763108
51.743942
48.728034
51.736791
57.342276
77.867415
36.900827
40.505116
50.038714
55.779428
55.014633
54.966222
60.731209
40.413762
53.016762
49.636285
55.296452
48.648624
56.610373
58.374132
53.100247
41.78796
48.445545
45.065735
46.757201
63.890195
61.25905
43.107905
37.06858
42.819471
37.801469
47.562449
43.756082
33.73411
46.228837
56.968064
45.240986
46.73667
37.298352
48.337874
46.241839
50.212813
43.799036
43.344949
39.514634
34.262588
46.755765
40.575703
32.198861
35.917696
61.449652
