57.042144
74.680709
79.386968
47.162033
82.068236
73.395561
86.122448
84.618243
85.842228
86.629589
87.888809
63.356373
66.004336
88.628484
89.462374
83.983537
89.610461
78.825206
50.836551
74.945084
62.951448
69.682326
69.771188
72.939906
54.555796
72.048467
65.738853
88.979084
49.920226
55.952132
69.761734
73.815353
75.220832
65.673989
81.118104
54.008797
74.872732
69.152717
74.550958
65.84999
76.555064
77.96596
72.141067
63.744365
68.031548
71.514107
46.708776
79.723493
54.160035
65.618126
56.974029
59.959495
53.642807
69.381667
68.433368
49.953758
66.326248
77.28995
68.484432
76.679027
44.215994
65.144693
47.90794
73.373778
66.171545
64.616981
57.96475
65.667912
68.75004
54.019914
63.225377
53.343998
64.564429
