50.763492
85.90667
88.515014
78.074343
89.858157
73.116733
91.01485
89.30959
92.942548
92.645306
92.977696
94.513895
69.523279
93.026162
93.790139
85.450717
93.793044
95.338142
94.081645
89.74537
76.859653
77.419904
56.796496
77.143846
62.799505
83.736483
87.06468
94.132892
47.59941
56.66655
81.631046
83.133442
84.280699
85.404088
89.049711
70.406342
85.228288
71.307381
85.400318
73.127663
86.63528
64.748277
83.711035
73.859248
80.26853
71.303633
72.19216
88.815333
90.723468
80.030741
67.765331
69.423832
62.525099
82.603696
80.595571
81.571022
83.298792
61.577716
81.757307
83.993811
51.729597
82.688416
78.832986
66.043907
79.331497
78.88847
75.578232
79.987164
82.128072
64.03779
77.291834
83.267194
88.623047
