80.711277
64.711169
68.782291
71.783811
83.634863
71.924848
83.435543
84.329695
92.748582
84.134949
91.40477
71.258018
81.16956
91.168187
80.899235
69.307179
74.586973
74.517462
75.399628
74.906786
75.279547
75.285092
87.721307
93.399168
73.114941
78.605561
86.085578
72.21412
80.405018
79.42124
70.918417
84.060586
78.038883
91.777552
73.539273
90.236854
76.492417
91.018482
91.832797
92.180004
88.731075
91.967366
66.488469
88.556877
90.209382
89.924999
81.737989
89.614098
91.481741
77.939252
72.154838
91.388487
67.663056
83.812326
