78.673372
62.857582
66.978236
70.411353
82.00712
70.677236
81.214822
83.330442
91.09702
81.721783
89.4022
69.601218
78.744003
87.792015
79.454428
67.884861
72.824687
72.345623
74.088652
73.94343
74.029706
74.274012
86.434855
91.842427
71.061918
77.256395
84.810826
70.921687
77.88973
77.469881
68.596204
82.149033
76.391918
89.238286
72.479601
87.267779
75.312781
88.227851
89.592778
90.676121
86.669108
89.846891
64.143085
85.438129
86.877443
87.211594
79.201728
86.454572
89.041566
75.946492
70.375912
89.215341
65.686937
79.837657
