27.232688
24.125971
23.23357
27.669067
26.929676
25.330108
25.335255
30.807187
29.336947
27.749878
29.02123
26.64706
28.906028
27.579878
29.015205
26.899975
23.549422
26.527971
29.832653
28.744346
24.254724
30.380434
29.31192
28.22947
28.864432
29.92903
33.796081
30.314234
28.178384
31.050977
27.406199
30.865482
25.938175
30.216392
28.515112
28.37109
26.908208
29.950195
30.543538
30.969383
31.318162
30.842471
24.018107
26.639294
27.386362
30.677891
27.683958
26.644724
28.018596
31.227027
25.937587
32.383402
25.406612
25.423837
