35.84971
32.19812
32.304097
41.012265
38.184437
34.543367
36.570374
45.612324
38.911021
36.912894
43.433547
36.061211
37.143466
39.701581
41.037157
35.023181
36.04253
36.316229
39.901922
40.297166
37.130192
39.64416
44.153068
40.186877
39.947017
40.351835
46.358968
39.872385
37.316755
41.555062
36.221894
41.375582
36.606093
44.407256
44.134301
40.566
38.551622
42.441559
44.601723
44.447
43.824457
39.755425
34.259438
37.490209
41.40961
40.604252
36.259338
39.769288
43.597662
42.786291
36.524385
40.832869
35.069028
35.82031
