49.781709
45.133102
46.103323
53.406439
52.808689
51.017773
54.863151
55.817633
54.635823
50.82123
62.131819
49.339066
50.622625
49.31268
53.595619
46.892984
53.470556
49.118082
53.999065
52.234717
54.308612
59.017467
60.027929
57.237592
51.886907
54.26683
62.536456
52.986453
49.872735
58.642805
49.835097
55.507252
62.422252
56.764383
63.291288
60.495187
54.913827
57.129042
63.506011
57.015065
53.047339
60.89875
47.089057
54.649473
51.723025
55.867271
50.207115
52.331344
62.361257
58.855144
51.929406
64.81639
47.491303
54.085274
