57.520339
52.00871
53.279146
58.476414
61.740343
59.693096
58.015555
63.174341
73.313587
61.289386
62.832905
56.347664
56.640242
63.003636
61.782242
57.335968
58.403498
55.954247
68.2329
64.559549
59.735098
59.731999
74.58759
66.899837
58.946898
65.266633
74.469094
59.834139
55.93724
63.072126
56.670555
68.401452
62.359077
73.31082
61.647678
67.006139
61.564234
71.411598
73.093267
63.486906
63.588207
72.619256
53.579734
63.458018
58.857688
61.211405
57.902126
64.567023
72.347364
60.535601
63.122032
62.027552
54.375594
62.028897
