62.701401
57.898478
59.488822
63.626394
72.133536
62.791167
72.035349
71.698351
79.987168
63.795961
79.442332
62.742338
70.643226
71.304412
67.142199
60.309374
63.826412
66.088157
75.0954
69.603293
65.654034
68.77364
75.689733
72.080396
64.624708
66.039312
76.28596
64.57451
66.750402
68.863215
71.569009
74.627589
80.632068
81.469324
66.304298
74.4548
67.589043
79.722198
81.029086
68.057227
75.14851
82.123952
59.801268
63.317609
67.423402
70.338867
61.439616
78.833815
80.272483
65.960452
71.947282
66.36935
60.539923
72.953009
