92.042582
95.882406
96.847458
97.502105
97.438873
96.777871
94.943164
97.29934
96.736236
97.791082
96.826019
90.016195
98.478591
98.177072
90.960342
97.105221
97.289734
97.101223
96.699436
96.940627
95.992589
96.699912
96.805574
96.825348
95.196479
97.167984
96.812289
94.917971
96.63838
97.360362
93.930218
96.014473
95.42047
97.394345
97.268586
96.78597
97.389524
97.017948
95.74677
97.589733
97.578172
96.953457
92.025209
95.57886
92.843564
96.898825
95.491867
93.353657
95.077567
96.042198
96.201579
96.00778
96.743092
96.871983
97.583255
97.565846
94.693586
94.022915
96.668813
96.937755
96.474215
96.431701
96.504881
97.006834
96.918406
95.889718
97.267672
96.636769
96.518027
95.324126
96.633904
96.536646
97.294646
96.30422
96.7466
96.558491
96.162646
96.608768
96.433794
96.921709
95.286896
97.871917
95.247763
95.976867
91.965253
93.432268
92.603868
95.144134
90.143508
94.221007
93.629896
93.120244
93.481823
91.31227
91.232159
96.318428
91.017786
95.237359
94.258436
92.932827
95.550515
93.399342
95.302341
97.230091
93.414624
91.985113
96.628605
94.766502
92.173625
93.59696
93.93436
97.431818
94.094067
97.357839
97.393225
96.571655
96.161835
86.557625
96.99024
