90.725968
95.700106
96.52851
97.334514
97.288651
96.617553
94.822782
97.094744
96.576132
97.335547
96.353637
89.741301
98.188675
97.811777
90.719399
96.848936
96.982788
96.774062
96.152829
96.651327
95.527921
96.322628
96.559085
96.559562
94.969608
96.941845
96.577217
94.498124
96.279767
97.142474
93.767593
95.825049
95.229843
97.214474
97.086754
96.629243
97.229118
96.747747
95.084009
97.477997
97.463373
96.864889
91.974054
95.231448
92.420827
96.624203
95.342389
93.196983
94.542807
95.580263
95.799672
95.812761
96.42503
96.510715
97.531222
97.511501
94.28724
93.655862
96.368111
96.674185
96.171995
96.08995
96.158648
96.755525
96.622674
95.642285
97.149769
96.414026
96.363673
95.167468
96.460741
96.401964
97.155585
96.100379
96.533725
96.420109
96.02655
96.382564
96.192133
96.602022
94.834923
97.375933
94.532436
95.328141
91.455512
93.045171
92.17303
94.603242
89.842129
93.727361
93.197069
92.275103
92.527179
90.275694
90.626907
95.154088
90.422374
94.866818
94.018007
92.570028
94.881108
92.72464
94.504093
96.91799
93.222202
91.628427
96.279423
94.414346
91.965039
93.086552
93.45879
97.150052
93.937645
97.087256
97.185074
96.41421
95.849011
86.393703
96.768297
