33.801475
45.06882
49.471716
51.236685
50.790842
51.343725
50.267501
50.988024
51.262814
51.064529
46.914259
45.61357
46.635046
45.814085
44.904619
45.310012
44.624631
45.051571
44.187905
47.090721
45.025926
44.024572
44.43146
45.084258
42.895446
47.940205
47.778575
46.470509
49.90124
50.609662
49.973654
52.501761
46.053029
45.179854
46.231732
46.378079
46.445728
48.272764
51.587229
52.854422
51.364101
49.26378
46.738551
44.111803
43.196344
44.4152
45.320284
43.984375
42.133865
44.130374
44.913407
45.931707
46.273509
43.323909
44.424061
44.413002
47.326463
47.417379
48.58848
46.060861
44.707304
44.834539
43.748494
45.35307
46.34011
45.444358
44.926637
44.705536
45.154106
46.164498
47.418771
48.217156
48.58699
47.866612
48.376955
48.816012
47.637778
46.942687
45.99091
44.769614
45.393801
45.128493
45.1712
44.539235
44.954863
43.225417
44.45165
42.377983
43.05384
43.628598
43.432533
43.898063
46.932232
45.497767
47.840051
48.8747
48.951262
50.802464
45.760971
43.082678
42.337107
43.00598
44.51829
47.359068
47.210024
47.857208
48.125018
49.738143
50.161742
46.419657
46.921293
50.915941
50.13883
50.272024
50.525929
45.899072
42.965325
44.305108
45.915368
