46.169181
57.422904
63.120209
64.818077
64.185755
64.843126
63.248008
64.709379
64.866662
63.985701
58.975491
56.670135
59.791693
58.681702
57.304053
58.547895
57.673189
56.521493
57.086224
59.977992
56.427795
57.226845
57.627516
58.276374
57.416114
62.591186
62.480529
59.627625
63.131636
64.680656
63.300899
65.944377
60.620532
60.786363
61.058767
61.316109
61.343785
61.957741
63.98849
64.229609
62.818768
61.855118
61.169978
57.78003
57.164781
58.232752
58.902193
57.799025
55.120613
57.325015
59.223246
60.352346
60.529215
58.275378
59.310095
59.256889
61.144613
60.34695
61.748473
58.940268
57.611957
57.263742
56.761554
58.170677
59.205534
58.382648
58.391632
58.169466
58.75107
57.693547
61.896449
62.440317
62.864889
62.05891
62.558018
62.898522
61.987801
61.221807
60.297748
59.588678
59.65472
58.211869
56.766988
55.976447
55.713081
55.809522
57.246983
53.878709
58.156205
57.434372
55.996925
55.363493
60.732564
57.949428
59.276655
59.232144
62.318304
63.967189
58.372233
55.665642
55.291181
54.424934
57.259857
60.657916
59.598588
59.956789
62.056584
62.513176
61.761332
57.919828
59.672755
64.566748
64.003182
63.883338
64.067843
60.603508
57.751062
58.217469
58.457048
