61.367015
74.159093
76.853634
78.723827
77.136513
78.148343
77.876155
78.039098
78.032019
76.167598
74.358691
69.311937
73.12536
70.55395
73.365717
73.72154
73.74632
73.774755
71.919202
75.336663
70.971297
73.420491
74.431874
74.704753
73.290285
77.500769
77.062068
74.210652
75.611721
78.030641
76.619192
78.668067
76.103233
77.177712
77.674717
77.428028
77.651222
76.460342
76.461585
78.829933
78.269563
77.2104
76.799388
73.572923
72.009284
75.19388
75.643692
73.653014
70.621858
72.402469
72.819209
75.956095
76.19268
73.277852
77.369449
77.387437
73.377489
73.726915
75.906572
74.752195
73.07929
73.041765
72.976434
73.930017
74.651152
74.879849
75.070403
74.976317
75.31651
75.769891
76.580307
77.21665
77.689882
76.376923
77.218221
77.626563
76.608114
76.219878
75.47893
74.760708
74.66673
73.56302
70.291346
71.67084
71.146443
70.650844
72.627705
72.364193
71.08218
72.810381
70.5249
67.319386
72.660656
71.772654
70.662224
71.724236
74.927274
76.546168
73.30855
70.971394
70.727175
68.060992
70.925628
75.517776
73.677752
70.774514
76.273164
75.686906
74.403278
70.691357
72.129938
77.603032
77.545799
76.260415
77.341723
76.833012
74.219553
63.527927
75.332461
