64.413538
74.538149
77.665981
79.063227
77.493604
78.437053
78.307664
78.664947
78.522022
77.794661
76.012694
70.443359
74.070427
71.649527
74.657727
74.61996
75.210335
75.025078
73.582089
76.095713
72.262826
74.547133
75.237345
75.439071
74.241046
78.01083
77.813629
75.430358
76.630758
78.714143
77.545363
79.483008
76.777854
77.622588
78.058769
77.778022
78.090344
77.014969
76.843745
79.242721
78.379648
77.386165
77.416495
74.727637
73.3615
76.344046
76.332169
74.569568
72.821175
74.382783
74.07743
76.699024
77.142662
76.311552
77.578342
77.535725
74.660468
75.237683
76.963108
75.560501
74.417046
74.243209
74.207187
75.116886
75.827253
75.782656
75.336051
75.759439
75.932187
76.416144
77.24054
77.740013
78.264784
77.232333
78.01983
78.199702
77.161558
76.945787
76.228864
76.025081
76.14806
75.244289
72.739161
73.551819
73.001903
72.139842
74.427052
74.032186
71.946796
74.126247
72.251089
68.900177
75.023047
74.296104
72.031952
74.42909
76.570268
77.310166
73.990508
71.837069
72.432181
69.425518
72.888789
76.473295
74.400818
71.887691
77.571842
76.6733
75.171891
72.382623
73.671309
78.985841
78.268461
76.847678
77.959005
77.331752
74.995473
63.802163
75.692954
