74.582344
81.51126
85.285548
86.948811
85.250565
86.377622
86.978438
86.659732
86.833163
85.568704
84.822528
76.848827
86.127312
83.643599
80.495699
83.915006
84.827187
84.587678
83.515986
85.263203
80.794561
83.912075
84.49912
84.644044
83.471655
86.213495
85.755737
83.582399
85.663874
86.765302
85.568844
88.177205
84.720491
86.254162
86.331729
86.296107
86.00873
84.671852
83.049246
86.334799
85.747372
85.773079
84.772999
83.297493
84.048037
85.012196
85.071171
82.143849
81.950468
83.742007
83.724197
85.075105
83.783027
84.158339
86.400873
86.393056
83.759822
82.837931
85.439726
84.945267
82.906107
83.951448
83.982098
84.87063
84.797983
84.920306
84.668105
85.353317
85.460754
85.728933
85.224911
85.842596
85.806375
85.290862
86.019676
86.334303
85.23777
85.255134
84.829033
84.890713
81.032402
85.182216
82.429856
78.338674
80.042421
80.933635
84.449054
79.299413
79.562096
82.704907
82.517356
75.925199
83.069692
82.286622
78.719156
80.100285
80.503526
84.844626
84.912811
80.444097
81.941103
80.160414
81.078208
85.29408
82.676015
82.827093
85.93561
84.542323
82.814195
82.987281
80.555412
87.494398
86.536676
86.472515
86.644547
85.892077
75.6138
77.448441
85.23227
