97.679062
87.373309
83.880721
85.906492
89.594661
98.169144
91.481989
82.420001
87.66584
85.769361
99.194709
96.170395
99.188641
64.530998
92.540027
86.357019
91.578293
97.605022
89.568988
95.920737
83.162836
77.290143
89.279053
92.679807
89.638412
86.064304
73.374636
87.439693
81.9018
98.774064
76.106675
96.746695
90.406197
79.321475
83.886209
65.037851
96.941035
88.72811
94.175271
95.923966
90.634945
97.726136
87.533376
73.122122
92.780309
84.572853
87.189876
99.073098
85.302865
95.513198
77.21996
96.838147
96.767086
98.648397
99.750411
98.687154
77.50086
97.602224
98.946502
78.931269
76.175462
99.256012
98.165202
93.129343
76.680179
84.497909
97.591646
96.290882
96.628731
86.894161
75.718294
83.646356
88.43907
98.461239
96.636087
81.957869
59.502713
85.609336
81.292357
93.962084
66.908212
96.902725
84.758673
72.174647
97.03164
94.292704
97.982803
97.549205
73.837125
97.456182
