98.181582
88.405995
84.562281
86.668322
90.25964
98.567757
91.867786
83.014967
88.107213
86.351203
99.779357
96.647427
99.511271
65.00297
92.710471
86.86076
91.891151
98.410739
90.001929
96.597967
83.574612
77.853487
89.621881
93.140359
90.261865
86.722337
73.963193
87.921068
82.216734
99.051148
76.719779
97.127379
90.602125
80.143929
84.31016
65.634175
98.110393
89.583542
94.406856
96.204302
91.082116
98.129933
88.001525
73.547989
93.37008
85.061237
87.549871
99.287967
85.635339
96.069393
77.903452
97.387518
97.327477
99.045317
99.91262
98.766443
77.821596
98.4516
99.555584
79.466321
76.692479
99.483066
98.232406
93.792339
77.256906
85.091635
97.882931
96.497356
96.851303
87.543993
76.113979
84.306882
89.180879
99.35345
97.221191
82.453552
59.689074
85.877816
81.652918
94.535555
67.470241
97.726909
85.024616
72.501934
97.286265
94.655243
98.114516
97.952646
74.321448
98.714576
