41.878834
14.351257
17.585961
21.847076
18.623736
24.291191
13.189832
16.681871
23.395253
19.716797
24.593627
13.843503
15.895193
19.581691
30.777638
22.075852
29.353125
19.882647
18.687738
20.079214
16.825618
20.534081
20.585174
19.862159
14.031475
24.30848
27.61002
27.052874
23.48317
19.673354
18.417792
15.478586
19.52984
21.397709
23.717975
18.011128
20.818635
20.517822
38.787224
18.195163
21.033343
29.980771
19.457098
17.451901
25.871242
18.238341
30.52841
37.240059
20.512409
24.445264
14.510444
26.308164
15.249837
17.873303
25.626683
21.725923
22.081727
27.764058
16.907671
19.256674
18.42313
34.366555
55.340978
24.194174
15.262771
12.43258
20.447645
22.121208
26.616502
10.342203
14.197098
19.84857
23.732542
22.368401
24.420064
16.100151
35.81736
28.093009
17.608688
23.98177
15.959969
21.956324
20.925466
19.092564
17.671014
27.360058
38.9045
15.45792
17.020643
22.77258
