63.587413
33.903374
29.389614
40.251762
48.473074
46.663886
37.33645
36.264864
43.657196
39.522233
47.002225
27.092502
46.038887
39.352405
51.110648
42.314766
50.881374
36.754598
39.526493
28.364122
38.4913
37.944677
46.064056
38.82811
40.859666
45.662915
37.150583
42.298882
41.629951
38.709154
28.313422
32.804495
35.647168
39.359091
32.531867
36.061414
43.764764
28.483849
44.2085
48.361201
40.747696
56.23632
38.544402
34.757481
35.726969
32.971756
44.911173
36.93358
39.827936
47.760615
30.628577
48.9553
35.995355
35.950794
48.610023
45.838046
36.655183
40.561879
35.322608
31.585703
33.648333
51.508778
68.406932
45.689503
33.127401
34.348581
42.44891
44.604528
47.824184
27.689779
30.460984
33.350048
34.571637
46.325096
35.420152
32.715697
41.549858
44.378156
29.443845
37.590591
38.358878
34.654274
49.120744
54.479584
53.946184
36.950413
43.79325
36.335258
45.255545
38.969626
