78.075298
56.151088
58.097461
67.58082
66.302388
68.115078
63.802159
56.617222
63.398879
52.637426
69.271171
40.722699
59.328313
60.459222
67.298287
61.885459
69.045713
52.481751
62.490127
40.456583
60.327374
55.506171
66.739325
56.971609
61.210768
61.667606
57.739908
62.740099
69.543019
64.445392
57.631575
49.678378
53.825974
55.135496
62.462985
52.733013
41.808741
43.392664
61.352468
50.952886
63.138116
75.462002
65.692885
52.440488
52.66907
52.823065
77.352302
57.142536
60.165376
67.374868
48.546565
57.167404
56.672383
53.757852
73.48934
71.835067
61.409952
67.932864
53.140076
48.887676
52.266965
59.628015
82.605623
67.232808
56.125474
67.867178
70.22307
69.947434
70.763298
39.643634
53.019469
67.499724
50.449232
67.891348
69.21824
48.9596
54.616042
75.252798
58.472613
64.586508
56.652512
57.128469
57.326584
55.893023
54.297475
64.80566
79.408081
59.237925
54.935539
64.034339
