82.3865
63.33705
63.993131
75.079026
72.852106
72.387164
69.766928
60.754451
68.157222
58.175573
75.627124
43.790622
63.403871
67.293586
71.517863
67.266742
74.873798
57.494739
66.709053
44.778288
65.223364
58.862184
70.746261
61.400435
67.861887
65.871592
62.491722
66.428301
73.325621
69.093418
63.771354
53.067223
57.440127
61.930057
67.545806
58.558968
47.446105
48.115534
64.287859
54.762658
69.188481
82.187912
70.482493
56.751445
57.527903
56.796851
83.333205
61.150758
65.195059
72.148357
52.706988
62.537786
61.634854
58.966298
78.032636
75.870321
64.338125
75.337006
57.620686
52.46461
55.796666
63.193608
85.275891
71.662633
60.438395
74.206682
75.125241
73.676646
74.068036
44.432421
58.395588
74.512901
54.441452
76.117527
76.05175
51.886479
57.748089
78.983296
63.662926
70.311932
63.751123
64.012551
61.620265
60.252522
58.727786
70.368814
84.345951
65.246988
59.731743
70.140224
