90.218287
74.921837
55.957479
75.081843
61.103059
88.338693
72.495562
86.887355
83.237566
73.682857
86.606351
88.314199
73.998677
77.861166
90.585921
76.592147
83.475143
86.998753
78.16038
55.405421
76.474417
67.545428
79.997416
70.489003
57.009331
75.413631
62.238412
87.295578
83.3927
78.767369
85.702217
87.752843
67.422478
71.336203
72.423857
67.901678
52.336377
83.769473
86.673693
63.228235
80.527119
78.777426
78.842056
63.478387
63.294949
60.643861
91.12102
57.710794
76.550463
74.456673
61.951128
71.306966
72.582164
68.632817
89.013033
88.143479
68.310873
79.265468
86.665083
61.41022
65.114249
71.150269
91.236871
82.101198
79.642382
68.037337
86.328488
84.598248
85.624234
74.997063
65.839053
72.34064
61.089372
86.7335
79.860292
72.245956
54.32156
76.341312
61.416024
85.145844
74.185325
85.749194
71.431025
67.783441
71.046567
65.840099
91.749306
88.465831
62.897666
84.832759
