95.614254
79.325976
60.618332
81.03806
86.370327
94.383193
77.677718
76.395891
80.824016
80.177103
93.209545
63.221723
79.197662
84.19901
84.676774
82.193105
87.594949
70.175688
83.550418
93.057632
82.61364
71.723811
84.547059
75.531985
84.909578
80.242039
63.969562
85.963628
87.839865
83.4537
79.741248
87.259131
81.629694
76.29735
94.566826
84.098584
65.146667
83.563973
72.523551
78.237042
83.463441
94.961004
83.656289
86.160255
86.180295
67.47669
95.489664
96.290202
79.635101
79.522149
66.928402
76.787883
90.468313
73.513349
94.290092
93.11316
71.95789
84.911336
78.648286
65.550704
67.162907
74.756053
94.07092
87.680611
70.567773
73.566874
92.23564
89.531482
91.046918
82.055122
63.286498
78.123596
84.3992
93.889073
85.362586
76.656828
56.542525
79.726262
64.797482
90.531685
65.279861
74.791929
70.76585
63.575217
61.55835
79.236351
96.452126
67.366384
67.955552
93.262876
