1026864
1068945
1263220
1110834
1111125
927504
1219746
1152624
1138139
1029806
1087923
1099330
1268395
1185555
1011912
1075877
1146522
1203095
1145609
1051198
1165362
1076924
1067152
1269043
890108
1153284
1110302
1142577
1109765
1161689
1087981
1088279
1000906
1183482
1106670
1091293
1043387
1033550
1167359
1042748
1144214
1128417
994631
942070
1021272
1077853
1088983
1195340
944523
1069889
1047964
1153319
1183293
1137454
1166464
1041216
1229341
1086735
1039903
1151414
1054926
1047554
1162531
1213619
1114735
1188549
1067919
1221947
995637
940611
943608
1123992
983013
747430
64316
