1325240
1377822
1608213
1423552
1432129
1201942
1561267
1468515
1459662
1320819
1409136
1400091
1622960
1516749
1286590
1376616
1450180
1541261
1471688
1334750
1488968
1375563
1359209
1621091
1136000
1474559
1416410
1463378
1419639
1480096
1406599
1389628
1265628
1514972
1426196
1403890
1330369
1323220
1489018
1340823
1465052
1453486
1278353
1209096
1296179
1372793
1400071
1529255
1235976
1378213
1331949
1470408
1518726
1437205
1479658
1350320
1580741
1387905
1325232
1469620
1353380
1353477
1490402
1558617
1427087
1523956
1367138
1560220
1289115
1204415
1214987
1418964
1248291
925552
73757
