1826461
2045888
2233651
2004489
2042248
1746673
2271477
2034349
2016428
1847470
1987772
1958903
2337130
2086376
1841525
1923327
2094703
2254252
2121640
1923496
2155029
1984914
1971458
2331485
1607923
2027510
1991375
2112543
2082708
2097609
2086599
1994153
1809841
2231257
1996278
2094136
1914884
1904519
2112601
1918490
2095149
1992331
1845436
1665417
1671920
1886993
2057250
2140300
1792121
1894998
1735520
2150218
2193279
2030514
2133607
1909600
2170588
2027407
1916852
2050406
1918874
1886940
2140473
2163695
2069573
2191365
1996227
2305089
1831840
1750021
1592293
1923750
1799199
1234300
95171
