112556
122876
116237
111854
110189
105032
124871
118048
121114
111462
111149
115170
132137
109421
113587
109553
115099
120285
120286
108915
119154
106487
109140
128076
97128
119917
114097
118392
106958
118068
110279
111766
113330
121624
113387
126639
105689
103586
121627
106241
123477
118742
104327
102754
108094
113043
112815
116892
103099
114388
108890
125452
119219
117828
125703
103909
125532
115157
108723
113899
113368
111152
119604
115608
115938
119546
108678
123233
102034
104544
107690
113144
106477
101174
13212
