168776
174620
200734
176995
174800
162059
197309
180878
191121
174413
171316
180845
205977
178183
180275
173542
179583
188346
189047
175737
186686
166043
175303
206656
148560
187887
184766
183487
171602
192056
172402
174079
173395
196972
178702
196411
168092
163689
195165
167440
188131
192940
160810
159832
161760
180193
173416
179781
166863
173197
173187
193387
194157
185135
198407
163985
195015
181697
173530
184038
173754
174212
189680
181232
179757
188792
174310
197577
159138
163720
163993
175958
166457
150854
18299
