247246
247836
294180
267535
255023
224365
293806
263693
284496
250646
256910
266299
293802
281262
260518
250102
269096
284163
280211
255013
274851
245333
249224
304333
220156
265826
270977
270107
256311
278611
251376
253175
252734
287365
261674
291559
248713
241224
285171
250125
277077
273813
234624
228364
237133
260104
254783
274113
239887
251792
248964
285262
287631
271453
290812
239835
290437
270499
256303
268046
262174
249113
276910
280432
268021
283993
254222
290629
232597
234821
229874
259966
236155
207552
24964
