762732
784990
925889
839028
823178
698116
919581
829693
891393
789798
821894
823894
934346
882932
762354
807039
816279
907476
879689
772391
854481
788365
797014
936843
668662
861035
816116
860063
828021
837916
807165
788391
743214
871077
859429
853034
774561
762138
901252
776978
879242
834451
737520
721237
761286
790339
815259
856170
750444
788447
788019
886686
897438
843097
897835
784074
904390
828953
797462
862176
795980
795751
864288
902078
826966
883647
797109
896037
737736
734696
714341
805044
758698
552020
48708
