93.901772
92.809382
92.049869
92.939338
92.983448
90.261986
89.357765
89.341027
90.128745
93.589267
93.012854
93.299951
92.698043
93.772974
91.547514
94.450618
89.666191
93.275982
89.008896
92.656829
88.580471
92.098517
91.035597
94.148114
92.076723
92.048992
91.984363
89.102741
94.176886
94.36214
94.241906
94.180003
94.347607
93.20276
94.211226
94.316579
91.438929
94.505212
91.29427
94.771018
94.179084
94.413913
92.350917
90.833172
91.307354
90.493406
94.530211
90.851084
94.212634
90.628726
91.758844
96.035805
