93.361639
92.373342
91.583767
92.818365
92.88851
90.112302
89.300818
89.312538
89.993943
93.131708
92.604513
92.847865
92.402275
93.542166
91.237643
93.950676
89.456438
92.859336
88.629418
92.368732
88.029764
91.668204
90.667947
93.55782
91.770417
91.757892
91.571555
88.736806
93.813135
94.169744
93.757234
93.870527
93.97677
92.894099
93.951836
93.991472
91.227144
94.203191
91.10086
94.369661
93.71704
94.150638
92.070878
90.640053
90.97725
90.091814
94.260945
90.670546
93.974434
90.418169
91.525361
95.819883
