98.515346
97.903784
97.8764
97.453964
97.470261
97.663422
97.450331
97.430233
97.738102
98.567886
98.033467
98.171812
98.496151
98.083676
98.681216
99.235507
98.508822
98.944769
99.16804
97.846324
98.844781
98.702699
98.448804
98.793637
98.304734
98.173827
98.784004
98.969754
98.6219
97.933275
99.11342
98.470276
98.875498
98.505891
98.27934
98.448577
98.064284
98.644214
98.242981
98.888595
98.798065
98.653789
98.570161
98.815046
98.886477
98.671015
98.743364
98.426031
98.290055
98.610435
98.679116
99.371427
