22.456883
21.239646
19.102577
11.866952
11.959284
3.526696
3.150411
3.06921
5.977973
20.821852
23.249659
23.724628
23.582932
22.755319
21.946277
24.424287
27.410583
25.586431
27.121703
23.299113
19.221114
17.883136
21.648738
21.227251
24.016953
24.568489
24.107102
23.993301
25.221004
29.255114
26.451444
27.379632
27.498617
26.969715
28.474451
26.745245
28.158678
27.459979
27.482324
28.141567
26.50103
28.197388
28.84686
28.524562
24.707248
23.870736
25.30205
26.937156
27.176181
25.767604
26.793544
34.8955
