65.211151
63.404297
62.707267
57.198427
57.208377
45.256567
41.832313
41.751461
44.921127
65.368174
64.545535
64.36022
65.225105
64.646128
63.409132
66.097368
68.085041
64.886311
67.657736
65.174516
60.436861
61.04463
63.446951
65.028077
65.240436
64.609746
65.153884
62.548332
66.435975
69.193135
67.224811
66.358135
63.734702
67.189804
68.207692
67.857997
68.316305
68.248799
66.555127
68.265535
67.301822
68.125064
67.088299
64.7828
65.516612
64.938451
66.129321
67.920958
67.591774
65.38014
66.086656
73.254893
