75.968825
76.274258
75.864408
73.030256
73.139276
61.652378
60.057342
59.925808
62.385705
76.043757
76.82349
76.156925
77.520971
77.62829
76.256456
78.75503
76.655124
76.960901
78.637041
77.29571
71.763388
74.727048
76.486578
77.299091
77.244302
76.69288
75.919263
74.073108
75.368616
80.381917
79.10597
77.883192
79.433832
78.803545
79.366051
75.639365
79.173589
79.874288
77.938948
75.262674
79.116952
77.682411
76.410572
76.896452
79.174085
73.487814
73.991864
79.781223
79.861512
76.609727
77.630846
83.076851
