98.568277
81.513963
96.693134
97.581102
84.860801
88.356194
86.098702
90.213198
81.740956
83.959064
76.174491
95.870433
94.63267
97.038927
91.804577
97.102653
79.277737
96.549957
96.313694
97.14995
98.142527
94.568486
88.450627
97.88057
96.380955
88.392717
98.040982
90.322154
83.498385
89.891822
85.410575
95.346851
83.303474
97.589028
97.20509
94.641907
96.431501
95.839536
89.025663
97.415389
89.941431
89.607546
96.055629
73.546579
96.562887
81.793555
97.613356
88.565374
74.706714
98.465358
80.170226
95.958431
99.903903
100.0
