69.537138
66.167934
75.035535
66.886289
67.125956
69.167147
64.384545
70.693439
69.100572
62.715367
64.64253
64.072889
59.614784
72.429701
73.487106
72.654715
59.04128
72.858193
75.442246
71.861095
81.400126
65.426711
70.596194
66.900112
72.950626
70.058318
70.752299
57.505378
73.829254
64.204005
62.140999
57.562052
76.055112
74.62276
69.616431
73.545459
71.292836
71.528685
73.395645
76.388851
72.714941
68.704384
68.099537
51.1266
69.100545
60.325925
73.445954
68.606003
57.162528
72.294679
56.249527
68.38445
95.680915
100.0
