86.024412
73.365082
85.392088
76.021356
80.622442
81.875541
75.347319
84.034973
73.61355
75.153404
73.709543
81.820899
69.675711
85.459206
80.770429
85.404494
77.264813
84.226217
82.179513
86.499681
90.597523
73.762349
83.788506
76.090459
83.869679
83.824232
87.638877
73.908313
81.764893
75.767152
74.793395
86.768861
86.073221
86.231599
76.94909
85.100583
83.57191
84.547875
84.984242
87.787963
76.841514
73.946727
80.225961
63.348421
82.785594
74.516198
83.913761
80.577872
66.611306
84.112658
78.552408
75.569596
97.624208
100.0
