85.468637
72.161572
83.854297
74.867468
78.89377
79.305034
74.027828
81.835321
72.418332
74.046532
72.114137
80.046726
68.452842
83.762943
79.345271
83.476591
74.963263
82.060322
80.591687
84.69407
90.239712
71.679506
81.610349
74.463433
82.269973
81.706767
86.355383
72.354812
79.497706
73.90424
72.244558
83.673697
83.753493
84.569698
75.608274
82.666717
81.527749
82.432001
83.393097
85.661942
74.846626
72.0138
77.552562
60.910924
80.480844
72.247451
82.442573
79.014588
65.120106
83.613832
76.183496
74.465036
97.548775
100.0
