91.4596
81.109141
89.94736
76.730036
86.234905
87.474085
80.835068
89.732256
82.393138
78.897934
69.122251
75.921185
85.947864
90.547431
90.370897
90.216631
71.6804
89.768934
87.890741
87.377537
94.708014
80.018791
82.907257
81.113434
88.771192
89.987917
92.448787
86.333867
82.08201
75.674403
83.03942
70.74766
79.672363
82.894654
80.123942
84.505457
89.274609
89.201492
89.577027
92.271292
78.632253
82.516741
87.72962
67.567809
88.719449
85.051602
90.968889
81.289288
70.092772
90.59838
63.730398
79.919902
98.651693
100.0
