78.82468
79.938778
85.729653
85.078427
82.778041
86.400413
86.413314
83.210478
86.440364
84.864672
85.073696
86.22579
86.429826
86.572883
85.23913
85.495751
69.544052
85.571272
81.397196
85.6732
83.411891
85.577407
84.636236
84.72714
85.793216
84.356896
88.59684
89.052143
87.08266
86.867892
76.742813
83.217099
85.789438
84.79422
86.260462
78.751745
83.531785
81.166487
78.586731
84.718517
85.659333
86.250327
82.390027
85.810578
84.491978
86.089946
86.490003
85.828487
78.69444
86.319753
85.761135
83.86249
85.513875
80.301859
81.337517
84.714357
84.995571
83.904669
83.808214
85.527027
84.916297
79.663045
77.758646
81.357874
85.500167
79.887947
84.440734
80.802326
85.377945
82.788221
78.123042
82.791447
85.794507
78.317096
86.716599
84.605553
77.772853
82.725996
87.014909
86.493554
80.005983
86.888606
74.646851
81.327844
81.840038
86.319147
85.845294
84.461051
79.525598
79.988678
82.665024
84.046791
85.362982
84.606959
86.942793
84.781478
84.775986
84.196521
87.307521
88.066566
83.552257
80.446807
84.083273
83.694934
84.259708
84.342846
87.157026
88.936494
87.681664
88.306916
87.487521
88.252982
84.03332
75.267393
77.501217
79.423957
80.890172
87.444128
79.340465
74.999964
80.555177
75.733352
80.607201
85.137791
86.138236
82.535837
75.646471
85.723207
81.08211
76.711229
79.830134
86.615995
84.273873
83.888414
86.182902
81.979861
80.33107
78.825679
79.25732
87.808957
80.029115
85.775744
84.742953
86.076249
84.800789
83.259572
84.091745
86.443943
83.265157
85.791625
86.382202
82.665544
81.607184
84.234335
76.783112
87.104561
82.92115
86.517693
75.093809
86.74672
79.91398
79.630068
84.48894
84.220156
79.257999
85.762401
86.099586
87.527381
78.59928
86.171192
85.266394
79.489781
88.268567
88.692479
83.168653
88.619528
88.097542
84.897129
88.170598
85.69598
86.52968
81.06589
85.321217
85.836773
80.602036
80.722623
82.188872
73.710384
85.291656
86.179873
75.94744
84.969963
77.301289
84.923635
84.508861
77.31738
86.163965
85.565079
84.34921
85.446729
85.429535
85.597295
88.467713
91.737533
89.673816
89.423126
84.837055
88.054562
88.233607
87.242349
88.5462
36.273701
86.239135
86.150742
82.877586
73.325972
85.859868
84.856249
85.952581
85.945654
84.203853
86.26775
88.244544
87.178592
85.37241
87.447857
89.812529
90.365315
89.347894
88.916331
90.586879
90.30914
88.882536
