80.006241
81.110858
87.025466
86.326427
83.73226
87.07876
87.265425
83.993874
87.323991
85.789635
86.28279
87.215726
87.27475
87.257502
86.556253
86.461941
83.142881
86.561502
81.94045
86.787666
84.050382
86.955737
86.110929
86.223376
86.872775
85.077834
88.782241
89.19015
87.415978
87.548639
77.545894
84.444394
86.631388
85.306567
86.691193
79.324796
84.63948
82.236571
79.640259
86.074238
86.963118
87.15014
83.276221
86.898221
85.287375
86.934378
87.325977
87.244654
79.292867
87.453678
87.028475
85.069071
86.841837
80.925825
82.391029
86.192605
86.652243
85.5096
85.386379
86.607675
86.248689
80.612911
78.466374
82.349628
86.53236
80.809832
86.108679
82.306876
86.611481
83.990554
79.326341
83.937241
87.329413
78.943692
87.213724
85.637427
78.608379
82.725996
88.350787
87.866347
80.746524
87.820855
75.406398
82.424339
83.049887
87.451571
87.15088
85.477789
80.528592
81.499243
84.397646
85.550074
86.82505
85.160715
87.885579
85.322682
85.538898
84.703463
88.155755
88.519042
84.584266
81.746905
85.897645
85.599651
86.209533
85.798512
87.822497
89.452245
87.925754
89.111493
88.105873
88.563073
84.956793
75.868644
78.509641
80.381743
81.931713
88.252246
80.201568
76.076611
82.495044
77.00032
81.820137
86.674774
87.413461
83.875994
76.210097
86.611827
81.904335
77.407853
80.829048
87.641812
85.317272
85.161294
87.272613
82.680871
81.55377
79.861254
80.326197
88.575074
80.669035
86.910881
86.488393
87.392647
86.301755
85.051478
85.691468
87.467805
83.847741
86.96413
87.722055
83.968681
83.300144
85.925179
77.599436
88.232371
83.91305
87.739999
75.738329
87.921029
81.100019
80.970517
86.554463
86.055122
80.889
87.180329
87.550698
88.529126
79.416164
87.63883
87.007028
80.871901
88.610637
89.375543
83.726232
88.939845
88.730446
85.376328
89.013141
86.649691
87.266909
81.995475
87.110719
87.204608
81.738458
81.752405
83.820006
74.749508
86.924213
87.456086
76.874955
86.643488
78.121317
86.033593
85.712251
78.024371
88.164899
87.205894
86.227252
87.089696
87.118021
86.432233
89.110851
91.87072
89.830918
89.551849
85.287259
88.464519
88.799606
88.023521
89.04176
36.273913
87.761872
87.604546
84.128727
74.257128
87.605166
86.217038
87.370765
87.250212
85.411073
87.752567
89.113442
88.62529
86.402674
88.192697
90.598864
90.541607
89.669203
89.347526
90.803145
90.51231
89.128948
