29.689816
31.103298
31.328002
32.07042
31.103277
33.557828
32.72971
32.967081
32.59985
32.297731
30.056689
32.39939
32.520931
33.58767
30.877093
30.631908
32.365501
32.269519
32.58929
30.988309
32.499892
30.715733
31.032577
31.057048
32.298333
33.667
36.210649
37.211703
35.66949
33.337592
29.262077
29.743758
31.528379
33.729056
32.999713
32.781846
31.857549
31.821503
31.578096
31.652155
30.271005
32.598776
33.265804
32.028002
32.744941
32.784905
33.548029
32.926326
32.764598
32.174812
31.430213
31.432748
32.698343
32.334572
30.45545
30.127766
29.896577
29.820553
30.137139
31.39015
30.414422
30.365286
31.386163
31.697982
31.227686
30.981336
28.988085
28.190196
31.982689
30.557444
29.905156
30.592759
31.01437
31.229816
32.745157
31.741687
31.512947
32.12606
32.641601
31.581188
31.928244
32.764216
30.245928
30.314506
32.141273
31.703232
32.009553
32.381186
31.685372
30.146824
30.324449
28.693888
31.856456
32.393777
31.692074
33.033839
32.041549
34.549815
32.337456
34.321257
30.822915
32.641825
30.432652
30.397284
30.747702
30.081625
33.720881
35.955277
36.691471
35.633001
34.55816
36.17273
33.370605
34.36105
30.30598
31.627934
31.669272
34.197319
32.724418
30.948175
29.596936
30.569569
31.852148
31.561035
32.563273
31.788461
32.891924
32.185042
32.078001
30.9927
31.425269
32.930079
32.290444
32.711979
32.515538
32.346374
30.980848
31.820153
32.143808
34.540833
33.994141
33.289719
31.688333
31.854515
31.224078
29.58286
31.356573
33.476715
33.585876
32.094973
31.943851
31.7992
28.456182
30.014222
31.321622
32.46763
33.22345
33.422238
32.337788
33.451312
30.247151
31.029382
30.507274
30.685448
29.675415
31.494562
32.650652
33.524901
33.234051
32.345917
31.244351
29.392914
36.508328
37.15554
33.543232
35.658247
31.934781
33.314734
32.361792
33.665741
31.727956
34.601086
30.841508
32.499178
31.56338
31.234748
30.521484
31.288598
31.952696
30.884955
31.883811
30.482538
31.891154
30.522077
31.549689
32.83884
30.461422
31.265118
30.926034
31.308767
29.931272
32.525641
35.173591
37.265522
37.431601
37.385713
34.02869
35.007391
33.681172
32.804644
34.497339
16.881166
32.1491
31.789795
30.834382
30.523613
30.468428
31.01054
30.538188
32.345499
32.385261
30.80812
35.17877
32.721668
33.099289
38.227865
39.936881
41.249473
39.40639
35.905128
35.910438
35.638676
37.26901
