38.565892
41.271804
41.945808
42.263728
41.522704
43.776111
43.758982
42.974078
43.445557
43.003151
38.910069
43.288121
42.92721
43.225459
40.679286
41.878909
42.199387
40.150427
43.718917
41.995029
42.407738
41.173257
39.753899
39.686489
42.432712
44.180806
47.237265
48.182787
46.763093
42.698798
38.299862
39.616642
41.22853
42.917542
44.056906
43.386737
41.747182
42.481698
41.763037
41.066524
39.069358
43.431108
43.225221
40.970614
43.866345
44.762095
42.564013
41.017796
42.531366
42.964468
43.084701
41.939001
42.306245
41.846189
41.332893
41.156539
39.87377
38.669885
39.01647
39.102962
41.045282
40.417152
42.126462
41.724446
41.511122
40.084434
38.815316
38.589697
42.368951
39.274467
40.091368
42.161025
41.392628
41.422341
43.026274
41.70331
41.984035
44.267223
41.081644
41.931766
42.2883
43.359306
40.340901
40.991901
38.887475
41.297217
42.27965
42.217143
41.79687
40.004873
38.753508
37.939492
40.231197
42.856248
42.822248
43.581743
42.428655
44.875617
42.329313
45.379726
42.27765
41.737954
40.833165
40.434288
39.371676
41.269471
44.791448
47.295485
47.249899
46.626809
45.352805
46.563059
42.745205
44.482778
40.808325
41.158727
41.716531
45.011642
43.364463
40.226872
39.439817
39.564806
41.607448
41.009198
42.854952
40.650576
43.050988
43.194527
41.721218
40.388977
41.510951
41.914103
41.768078
42.6849
42.953583
42.91597
41.082772
41.774317
41.705642
45.039867
44.555896
43.030697
41.428785
42.728299
40.565175
39.797761
39.567713
41.786696
44.16714
42.044776
42.470567
40.747005
39.849628
40.395574
39.425305
43.597033
43.375148
43.824209
43.145616
41.225816
41.813349
40.754015
38.997835
40.324734
36.626834
42.36133
42.326609
42.167904
43.949178
42.132608
41.389465
40.08
47.646241
48.657304
43.873482
45.317246
44.155025
43.562369
43.761383
45.0622
42.464687
45.400253
41.725457
42.990761
42.535723
40.848811
41.121357
40.928163
41.826995
40.367227
42.323919
40.552681
41.83456
41.187253
40.961439
40.752946
41.237046
41.163155
41.311717
41.259557
38.706399
43.87671
46.678697
47.996199
47.979679
47.787053
45.347344
45.394408
44.203646
41.167772
45.182741
20.743417
42.879863
40.188394
40.862564
39.300151
42.163505
42.140315
39.883944
42.979033
43.017269
39.640645
46.649731
42.4824
44.041963
48.394934
52.04127
53.014122
50.559119
47.570148
46.821634
46.060813
47.406267
