50.018566
53.620477
54.981016
54.524239
53.48429
57.255841
53.660565
54.909243
56.859283
56.351966
50.719226
54.290959
56.584987
56.514318
53.032156
55.070218
55.232754
53.189894
57.250574
55.035561
57.145836
54.0323
54.180977
53.169058
55.716481
58.313177
62.088154
62.967211
60.682557
57.41785
50.591553
52.089838
55.11334
57.559981
57.911751
56.856036
55.085043
55.328107
53.978037
54.445114
54.456997
56.881034
56.448244
55.59685
57.035008
58.580115
57.584795
55.759535
54.233679
55.60419
56.143032
55.193877
55.823132
53.601695
50.669823
54.013702
50.640391
51.752959
53.241202
51.091055
54.4634
50.444871
53.794421
53.939466
52.273794
53.552942
48.938626
52.090029
55.461674
51.373806
52.684378
53.654769
53.847642
55.600791
57.206649
56.143635
55.425531
55.522347
56.975573
55.158443
57.101069
57.306428
53.552246
54.072468
55.244693
41.523004
55.519894
55.173491
54.591003
53.419608
51.899423
51.959012
54.94051
56.930947
56.922472
57.452044
56.514795
59.513842
57.016824
59.809835
54.975608
53.486457
52.619621
52.738008
51.639444
54.685742
58.62012
61.318854
61.594844
60.393869
59.068618
61.157954
54.168305
57.640825
52.917585
55.479981
50.229408
57.54948
56.958324
52.599962
51.637623
52.349407
55.021224
53.926883
56.345921
52.265538
52.895307
56.78359
54.091558
52.512568
55.229574
56.668982
53.998118
55.702827
54.739487
56.189833
52.05455
55.109887
54.944509
59.117798
57.971103
56.521351
53.639283
56.195065
54.390642
52.44691
50.865302
57.519767
58.280928
55.460954
56.663356
55.053603
52.824718
53.202754
51.280934
57.246783
56.912164
57.340233
56.484716
55.548726
50.835894
52.135022
52.458136
53.497243
47.986712
54.142032
55.507108
57.173249
54.200688
56.589164
54.607244
53.196859
60.990388
62.383782
58.10847
58.883437
57.425698
58.718418
57.591688
58.966914
57.564501
54.778324
54.016106
55.9842
54.765404
54.905731
53.783508
53.898331
51.107799
54.747557
55.507769
53.14716
53.362043
56.338038
54.758298
57.025069
54.58718
54.579541
53.588856
54.048535
53.842284
57.81059
60.038098
66.99182
62.986192
62.864063
57.942329
59.346534
57.44772
56.252033
59.026381
26.056271
56.110878
55.023324
54.083927
53.397842
54.655498
55.728377
55.719336
55.635507
55.94013
55.661474
60.90921
55.965172
56.366613
61.142088
65.280926
67.760004
64.142841
61.840558
62.651098
61.857485
62.344953
