52.681807
56.671864
57.869012
57.514256
55.964977
59.101584
55.032875
56.927294
58.954267
58.705473
50.681433
56.290486
56.584987
58.366194
55.804894
57.546595
57.135832
54.979574
59.29989
57.2827
59.333577
57.302887
56.962604
56.24105
58.350618
60.287763
62.602664
63.466688
61.79002
60.007646
52.538711
54.90872
57.093041
59.032732
59.207901
59.034716
57.641673
57.858584
56.966898
57.127312
57.644762
59.26903
58.893081
58.403206
59.532994
60.710846
60.172201
58.486299
56.07143
58.466291
58.778095
58.264468
58.396434
55.149522
52.767302
56.862883
53.185597
55.283661
56.181836
52.400161
57.410136
51.947692
55.882461
56.089632
54.330773
55.921329
51.56219
55.443648
58.352741
53.804763
56.022064
55.884142
56.640998
58.279956
58.691043
58.985539
58.82899
57.995704
59.945566
58.19211
59.560845
59.852778
56.349823
57.13347
57.815501
58.426337
58.172436
57.717457
57.745414
56.800852
55.324848
55.227781
57.692845
59.184255
59.211357
59.044022
58.443369
60.772578
58.884902
61.253158
57.55148
55.953964
56.030841
55.981398
54.728576
57.842861
60.523377
62.818339
62.231507
62.332202
60.69662
62.056359
56.71797
60.357297
55.698926
58.00768
51.981876
59.222172
59.7021
56.213195
55.06907
55.80101
58.20957
57.020951
59.23232
54.706723
54.54302
58.975774
56.033583
54.627406
58.090684
58.67145
56.057333
58.629391
57.174579
58.273508
54.421944
57.903431
58.027726
60.853111
60.321025
59.04278
57.200006
58.987608
58.06523
55.529326
52.931086
59.807574
60.528074
58.326244
59.261799
58.319347
56.250036
56.714237
53.240058
60.033386
59.88903
60.013524
59.240274
57.55432
52.92381
54.628573
56.336325
56.676283
49.938948
56.433289
58.276317
59.429705
56.248867
59.53793
58.185698
56.667938
61.997369
63.433354
59.794854
59.692541
59.360534
60.269253
59.987502
61.330207
59.633284
57.249898
57.378987
58.946273
57.163594
57.702732
57.287687
57.357686
53.022014
57.309972
58.658401
56.68248
55.82309
59.007272
57.690874
59.559148
58.175972
57.937819
57.104535
57.721397
57.218962
60.191873
61.846951
67.371706
63.481617
63.157007
59.496556
60.297545
58.834422
58.183875
60.56902
26.114459
59.183689
58.502546
57.275034
56.998525
57.959772
59.326302
58.66014
58.799393
58.5278
58.687683
62.856721
58.749158
58.978174
62.79365
67.395878
68.357755
65.24541
63.135176
63.115355
62.07737
62.959359
