61.088578
65.97767
66.916181
66.523134
66.792331
65.472607
68.334363
65.866245
68.230359
67.998447
60.719797
67.971018
68.229086
67.542144
66.475879
67.078875
65.592727
67.582929
68.606924
67.52828
67.186943
67.073665
66.281073
66.462185
67.682056
69.424242
72.175225
72.562457
70.975405
63.999333
60.531778
65.468067
67.083481
68.469541
68.513642
68.078355
64.337543
67.226661
61.093173
66.106858
66.9251
68.550456
67.828337
68.082317
67.304479
70.151345
65.063616
67.464485
64.398582
62.035189
63.647235
68.073146
67.486999
63.297049
64.022787
65.995862
64.295368
65.083025
65.188886
66.877405
66.834581
59.451445
61.797274
66.9291
65.203014
63.251635
64.783946
64.659872
67.326775
62.322257
65.63504
67.790287
66.791438
62.106862
68.297561
68.336322
67.048468
67.248351
69.154006
67.988577
68.617788
69.001047
65.202226
65.463745
66.962143
67.934483
67.362487
66.994744
67.455503
65.859182
66.424095
64.121811
65.062892
68.005397
68.325822
67.97211
68.227073
70.271327
67.515116
69.929393
67.44455
66.937122
65.404066
60.727077
65.380688
66.967435
70.978157
72.113336
71.1285
71.135272
70.542399
70.982383
64.980165
69.267003
66.647393
64.659312
60.669661
70.147779
68.475923
65.594426
64.148238
64.89522
67.337884
66.31641
68.357942
64.824962
64.038115
68.04327
61.468643
67.440366
67.107845
66.984631
65.579673
65.153129
68.332172
65.710488
61.563187
66.664489
63.244698
70.928161
69.578283
62.819146
66.444747
68.090627
66.762636
64.765078
65.982404
67.76258
69.674045
68.069802
68.907095
63.638199
65.773148
65.86754
61.323079
69.150223
62.60072
65.626322
65.252105
69.235099
60.803132
66.061767
65.467457
65.64975
62.579091
65.280342
68.331729
71.183219
69.613451
68.576191
67.418589
65.867418
72.235578
72.534977
69.476264
68.427941
69.50083
70.546725
69.219396
70.437806
69.399497
63.764001
62.943888
67.98237
66.190123
63.090635
67.440582
64.436344
67.115204
66.314792
68.102528
66.548904
63.194989
68.264834
66.936068
68.844521
63.711847
67.977535
65.892771
66.821712
66.661492
69.204893
70.974556
77.023661
72.756652
72.26901
68.506865
70.85793
68.321531
66.224509
70.882007
29.77843
68.101455
67.854149
65.413759
66.528103
67.380719
68.762639
68.073027
68.346812
68.032045
61.9024
70.533611
69.208358
62.274501
70.854697
75.505309
76.631361
73.87741
71.989097
73.205604
72.224199
72.611785
