83.828471
90.681978
83.363686
84.903524
80.582568
75.267433
76.318107
92.03632
79.56422
89.914192
77.282383
84.750212
87.396525
68.163177
74.774745
70.844333
90.225805
77.182667
82.538006
92.148212
80.326463
88.65216
88.440018
88.19534
74.088349
86.971074
86.914681
71.378296
84.749084
90.614427
81.18503
80.291917
71.119116
91.864825
87.428408
74.481274
90.144519
83.1685
80.522425
71.237155
88.548075
81.145676
89.508225
84.136857
71.678792
86.977749
78.779198
80.707269
86.431975
80.808123
91.648975
90.158038
82.220862
77.439632
81.480952
90.14893
85.341061
71.619711
87.414444
87.719494
68.618037
71.715218
79.288217
85.382547
85.720093
89.12763
83.935237
78.226445
84.475325
83.227574
67.713514
92.959921
