85.363531
92.087256
85.14464
86.552667
81.686819
76.673439
77.444869
93.326336
80.721926
92.145113
78.253364
86.37233
89.783854
69.370043
76.392697
71.867982
91.537094
78.292526
84.016505
93.531624
81.086984
90.784414
89.54698
89.412496
74.845981
88.611841
88.365174
72.153556
86.046672
92.188193
82.531367
81.64532
71.8162
93.145549
88.970579
75.589622
91.720687
84.436744
81.530714
72.498273
90.031036
82.401546
91.22111
85.156632
72.496516
88.315803
79.83144
82.213097
88.174919
82.21143
93.440019
91.886688
82.71424
78.30969
82.811909
92.252277
86.552966
72.568277
88.832352
89.231214
69.358727
72.874318
80.450131
86.86963
87.103286
90.892765
85.1502
79.493967
86.598272
84.717394
68.768195
93.95465
