31.822446
29.422196
34.521923
27.594522
33.059288
28.235947
26.728726
33.67472
32.09043
27.894237
31.145626
31.073651
25.388907
31.471231
30.148453
28.601216
29.901474
24.357257
29.211021
35.952892
34.091165
30.835774
33.646685
31.178166
34.998965
29.610989
30.77084
30.040242
36.116406
34.107096
28.632254
30.864619
36.843386
36.474981
31.298483
32.826358
32.562962
31.390865
31.81859
29.16405
27.483027
31.282322
30.645576
32.121982
38.423651
31.524015
30.599159
32.772302
32.075771
29.159464
31.711923
33.842793
39.991151
34.077305
39.975665
30.801662
33.870989
29.937083
31.42673
33.588933
39.036866
31.226856
32.080271
32.141728
32.968155
33.508873
25.191434
33.043894
28.378733
30.682034
32.152045
37.794642
