43.310897
40.103758
46.401315
40.62405
46.627733
38.258956
39.770775
46.36511
42.652918
38.959551
45.590182
42.523396
35.68042
39.07266
41.642054
38.446532
41.514884
37.469032
42.212604
49.376085
46.772883
43.396625
45.515861
41.352812
48.904959
41.067713
42.0147
40.49497
50.213776
47.913729
38.124644
41.785484
41.729151
50.565153
43.974272
43.231604
45.940787
43.818364
42.225333
38.56346
40.211732
41.944765
42.939841
44.401718
43.806659
44.297726
42.996432
43.089818
43.34094
40.15866
42.185934
44.205079
49.092631
45.042502
50.928823
41.880782
46.481157
40.030814
43.614967
41.944434
46.844175
41.326507
43.500458
44.053702
44.612964
45.681781
36.211368
43.870597
40.18766
38.686644
38.456636
52.266499
