60.536121
51.931789
61.217138
59.515356
65.207612
52.939918
53.011909
63.283733
61.669232
61.49745
58.616058
58.434925
50.592411
51.773727
56.164726
53.683626
59.095176
57.361099
59.586526
67.194953
64.359488
62.044438
64.091282
59.239134
57.106109
60.298989
59.540093
53.127179
64.218562
64.382338
51.645519
59.115824
54.755943
67.203373
59.579901
56.563251
64.963659
57.57345
57.610927
54.061422
59.332678
58.990982
61.950437
63.430048
59.061656
59.626115
54.439661
57.138391
60.502202
56.182498
55.253211
59.481051
64.151279
61.102935
62.12526
57.09161
65.753385
53.480464
60.10984
55.409039
60.6933
55.019259
59.330057
60.361341
63.573667
63.697254
55.919738
59.160724
60.026394
53.60635
55.505005
71.769601
