56.871122
49.932255
57.244075
54.95005
61.19709
49.72565
50.183519
60.23727
57.313875
56.762401
55.40514
55.172279
47.129934
49.019948
52.258656
50.740081
56.508333
53.835987
55.816527
63.689263
60.401909
57.235701
61.039654
54.903819
54.497595
56.543841
55.781092
50.853651
60.605405
60.512742
49.260879
55.650576
52.233944
64.064459
56.343656
53.401107
60.556464
54.938555
54.993503
50.843923
55.883678
55.707461
58.309312
60.011855
56.288555
55.650295
51.85904
53.307394
56.079015
52.448581
51.985123
55.816719
62.314326
58.242222
58.121935
53.502316
61.402553
50.81702
56.542648
52.155587
57.728559
51.151375
54.817217
56.97367
60.286625
59.308627
52.863142
55.478582
54.841812
50.583775
51.78908
67.326326
