66.981234
59.326186
64.756458
69.385054
67.135184
60.712476
62.01439
72.533946
71.922663
72.107071
76.290224
64.014143
58.472247
58.358672
63.579286
61.051658
67.262207
70.979044
67.972
76.417935
73.410584
73.252634
75.411374
69.675246
72.920539
69.904287
68.818338
60.05838
76.491955
73.775061
66.569762
67.885159
61.621315
68.938373
68.750295
63.103942
74.407532
66.353829
70.646426
59.468825
69.10589
67.801496
72.445767
73.331247
62.582759
69.688873
74.563258
65.041002
70.041141
65.373596
62.515458
66.016057
72.35492
65.438003
69.966436
75.766078
75.678326
60.480663
65.867623
71.399229
67.373246
61.903952
67.623899
69.665096
69.694029
73.353756
67.763607
71.047157
68.590765
61.022137
57.674761
80.243992
