73.958389
79.790084
75.973077
76.180111
80.733698
66.663332
66.612666
76.567749
70.852912
80.250379
71.666141
72.509394
63.548626
62.56781
82.581584
65.465234
79.32783
72.699865
73.830211
82.089763
78.775431
80.749821
81.352859
77.108511
66.493106
76.281722
74.905011
63.889458
82.815139
80.832687
63.777026
73.206312
82.649681
82.617999
74.198515
68.150722
81.090019
73.5096
70.056295
63.967116
74.768877
73.174164
68.997409
78.939029
68.331812
76.4437
81.321187
70.772548
77.292991
71.780341
67.105234
72.392731
74.925362
70.204975
75.042158
70.015342
82.561242
64.86866
70.675402
80.384425
62.234032
66.146196
72.595241
74.900367
80.235848
79.800743
75.821387
78.064399
76.335125
65.471177
73.562519
82.892124
