68.463728
87.985788
86.968793
65.044181
89.166877
54.69115
90.239269
90.707278
90.763346
89.035049
92.339652
93.442276
91.111447
90.420949
92.713058
90.397743
92.666034
90.849378
65.696832
64.29918
79.228551
89.293022
63.236167
84.542276
85.46002
83.459649
77.90581
66.009249
62.574378
83.517139
82.290088
79.7333
83.200418
86.134386
88.465769
73.663913
85.599793
79.385783
84.728475
86.947081
85.84002
87.455722
83.316771
78.965653
65.505462
80.245539
66.851272
77.024545
58.110685
79.757126
79.13628
75.288437
67.504713
81.833719
77.380952
81.968606
83.201719
86.961758
75.121081
84.053956
83.361031
83.408229
55.537232
75.419123
81.042794
77.52308
73.200895
79.464556
80.521685
70.111097
63.757383
69.109447
87.561728
