69.312554
90.283268
89.382454
66.007494
91.050431
55.682111
92.223381
92.285599
92.230584
90.437881
93.760399
94.458442
92.712243
91.477766
94.008657
91.701743
94.076268
92.54394
66.397712
65.531313
81.543525
91.612886
64.979508
87.890285
88.760459
86.658632
80.80654
66.951444
64.800366
87.295142
85.170787
81.529693
85.243855
88.420514
90.742714
75.185883
88.127168
82.03069
87.206126
88.984879
88.465045
90.497508
86.243943
81.538224
67.450877
83.565632
68.805007
79.504148
59.43072
83.91749
82.493682
77.224576
69.685013
85.323094
78.9186
84.937681
86.402745
90.4985
77.635325
87.299776
87.600228
86.448482
56.617547
77.606983
84.365185
80.058283
76.375262
83.451618
84.050204
72.189951
66.184156
71.898498
89.895729
