44.667178
36.449181
36.957376
33.004548
37.110875
38.293391
40.491487
38.528385
37.986332
40.18325
41.110396
47.576273
45.001961
44.48902
45.653956
46.909107
43.641758
44.112389
45.594502
39.182372
28.56882
39.438545
31.061212
38.518693
36.112244
38.293795
41.207873
49.241696
26.481102
35.625125
33.088741
34.071442
33.489561
33.18173
38.552158
31.086157
33.29796
34.688151
33.704799
31.214477
30.355432
37.245431
36.993634
31.941418
35.469622
35.649925
34.872139
43.163034
32.204277
32.926589
26.277963
30.974785
30.408867
27.232058
29.634677
28.000886
31.723953
33.982225
31.161442
33.304119
37.802729
30.726906
34.353117
33.055412
30.803527
31.301873
30.928666
29.106948
31.291384
36.680441
29.665254
34.965916
40.180893
