47.110025
45.771627
47.431459
44.038106
48.361634
50.40207
52.730152
50.450452
48.93622
51.84908
53.95506
59.552982
56.826428
56.096673
56.479675
56.383039
52.988459
55.563572
58.004791
49.811709
38.29375
49.608498
42.038929
47.611449
44.075921
47.140263
49.648955
60.712954
36.551226
41.726373
42.458511
44.74967
43.330728
43.435261
43.092155
38.062935
43.142233
42.142123
42.297997
41.262534
44.420894
42.081502
45.88839
39.58719
40.269934
42.818723
43.809205
52.34853
48.308017
41.278034
36.443692
39.037653
37.646538
41.358605
38.975547
40.741806
41.127047
39.57294
41.08744
43.502626
45.709215
40.843246
41.857056
40.26259
39.504517
39.311296
38.546502
37.519729
37.299743
44.146619
38.437518
42.184648
52.390987
