51.851457
57.62387
58.906669
53.329429
60.309296
62.547743
64.145434
64.055066
60.627081
65.306217
66.915592
71.46372
53.125039
68.743514
68.739419
68.70887
68.917111
66.542128
44.102715
61.650712
49.562295
59.990907
52.582583
56.355167
54.116329
55.791702
58.486945
69.846039
43.102787
50.688618
53.550753
56.270285
55.684164
55.680251
59.491469
47.62385
54.700639
52.768476
55.676384
51.819914
56.807481
58.592965
56.185687
48.580768
53.157483
51.617184
52.25117
61.402786
59.558928
50.701223
46.056446
48.588463
46.038849
51.932492
48.949166
43.844057
51.211623
59.476671
50.293009
51.324432
47.85164
51.85345
51.470626
53.131162
49.44487
49.635077
47.577192
45.043632
51.954299
49.064823
43.297401
46.773663
62.033555
