53.227874
60.74523
63.606475
57.042058
65.328919
67.195881
68.547023
67.598523
63.759547
69.15291
70.207886
74.397258
55.796854
71.478515
72.080832
71.636961
72.372765
70.987482
45.675966
66.536539
53.240113
64.627827
57.296803
61.781835
58.241336
60.902635
63.984774
75.299463
46.932552
54.311928
57.887323
60.458673
59.782096
60.148014
64.267208
49.811838
59.261761
56.980436
60.149817
54.862073
61.137743
63.660325
61.035235
51.987207
57.59428
55.257383
56.217905
66.269327
65.479976
56.297752
50.620125
51.995831
49.432373
57.447604
52.911918
47.534627
55.844612
65.431409
56.553444
56.111209
52.551892
57.144833
56.041193
58.26307
54.349001
54.600421
52.942355
49.542145
57.674406
52.333378
47.040471
50.822455
67.031213
