61.84323
69.263867
72.203732
51.619379
73.99265
69.627708
77.387941
75.63546
76.698512
77.433601
78.516581
63.579818
65.267285
79.176793
80.015989
75.264951
80.282666
72.857606
54.759801
70.422399
62.087905
67.512272
65.627223
69.633309
58.272397
68.51462
64.478799
80.414388
52.585165
60.259553
65.814758
68.272106
68.920027
62.946262
73.456696
55.97853
68.645231
65.115036
68.278338
63.000752
70.176495
71.932933
68.218013
61.799236
65.126915
67.741255
52.855651
73.157633
56.012594
64.146613
58.054509
58.905188
55.907026
65.535049
63.982506
54.037188
63.629435
72.812519
64.732528
70.066052
52.636524
62.456659
53.28743
68.022958
62.90742
62.341858
58.420472
63.549255
65.514627
57.747272
61.234502
57.340488
65.373118
