58.585675
77.622273
80.217631
72.343686
81.448433
71.743513
82.971185
80.253588
83.712186
83.597384
83.883355
86.716257
69.363916
83.967531
84.848082
76.793466
84.973636
86.088412
86.354543
82.139536
72.01592
74.114686
59.238927
74.158581
64.475088
77.470481
79.911894
86.62838
53.113535
61.924798
74.333395
75.735704
75.936378
76.894134
80.702442
66.43975
76.601075
67.83459
76.81489
68.552013
78.395768
65.924189
76.889273
68.838046
73.744686
68.656031
69.159844
81.002044
82.825064
74.315125
65.69614
65.279269
62.364341
75.366203
72.712447
74.614243
75.778305
65.056463
74.452005
76.794253
58.450649
74.822635
74.28401
64.57892
72.067077
72.133654
70.134764
73.676054
75.333274
65.09322
70.820899
76.7279
81.822862
