95.906767
99.10125
78.088922
88.199418
98.570827
99.676307
91.723363
97.08053
96.666285
71.514988
96.501326
97.610562
95.51707
96.582424
96.354897
97.777571
65.814807
95.944737
69.969578
97.303164
85.483425
66.457036
93.4396
98.039688
97.518191
83.477494
62.275534
83.126856
86.237304
77.820415
96.153575
94.458718
96.227969
98.150954
84.149699
75.968451
96.817702
79.266062
63.161466
95.13527
89.959303
96.742916
87.279442
93.777595
98.782401
84.338064
84.471022
99.271761
97.50838
82.35315
68.947928
97.060205
96.312469
82.797972
98.873924
99.219364
91.612774
96.54937
91.171349
89.887296
98.982486
63.433332
87.869491
98.277794
97.861974
82.899134
99.047818
97.062642
95.498762
87.255645
99.3138
97.55628
98.862274
99.655089
100.0
