95.865282
99.01404
77.88038
87.986715
98.337797
99.529362
91.52156
96.974501
96.200353
71.227299
96.136537
97.447302
95.368598
96.49172
96.198626
97.722477
65.555039
95.688575
69.57933
96.979184
85.251646
66.242975
93.151377
97.838038
97.414637
83.39687
62.310069
82.762424
85.763316
77.576003
95.74465
94.27398
96.148213
97.814025
83.24379
74.510741
96.281583
78.909744
62.981424
95.00034
89.77362
96.380983
86.847306
93.772016
98.799311
84.248204
83.972019
99.236807
96.807209
82.14318
68.821425
96.835773
95.859627
82.704962
98.706039
98.969768
91.350062
96.069255
90.885678
89.843562
98.823421
63.387978
87.663595
98.021832
97.709309
82.412522
98.845319
97.002497
95.298038
87.042282
99.30123
97.540819
98.83754
99.650132
100.0
