46.132839
48.882022
40.389894
42.8781
50.115793
59.582056
31.001713
48.00851
23.628407
37.535167
47.238568
40.779579
44.856555
22.911647
41.63894
39.596019
43.617311
33.573374
33.073156
43.058613
40.881075
39.879759
51.015387
43.23468
46.05806
50.380107
37.464015
41.175982
38.25017
44.665587
36.108835
41.868445
48.631792
44.157776
34.875916
38.351655
25.036677
44.576612
52.709097
49.166449
41.839017
35.983912
48.787098
41.845938
51.034651
55.47905
42.456984
57.207851
48.429905
40.874031
47.411216
52.935215
46.463756
53.854309
55.627817
34.206634
45.741624
39.457561
30.959994
33.665846
25.891613
48.009627
42.56438
35.797046
48.441737
34.715937
50.573555
48.847949
44.759453
56.901695
58.838998
70.89797
64.935601
60.755631
75.487882
