68.791003
66.090953
52.223846
50.407733
68.916157
75.319866
69.412162
66.177144
42.050318
55.98782
64.482368
59.402475
63.496954
48.31026
60.975759
38.599285
63.265806
53.127104
54.201359
51.979555
64.525911
66.502323
67.835241
67.865582
68.932115
65.831852
48.961596
41.288548
41.985636
52.262337
51.781592
51.786224
64.377718
36.983102
58.004958
52.70944
58.660446
42.273541
55.102734
56.619771
52.573877
56.480356
55.497092
55.81474
67.756997
71.45102
53.229699
73.336827
66.116234
55.144414
68.450447
70.784975
40.134859
69.308972
72.160851
52.786712
59.370343
36.134548
55.074785
70.348904
66.850503
67.790109
54.215707
52.259497
61.280256
54.318944
68.061414
51.91326
62.395876
71.30235
73.841071
83.407332
65.395611
75.326155
84.389116
