86.73251
83.217312
67.239248
74.80902
63.308823
88.644499
81.212225
83.947123
83.75309
85.137613
83.094138
78.346718
81.250634
66.995132
80.490849
81.183138
55.662013
78.05749
78.266536
81.72192
72.734551
69.282359
83.100477
85.688219
84.245099
73.786647
72.2305
67.752394
79.511391
75.091263
65.447411
73.143817
79.627823
83.358751
73.046047
79.636551
79.691515
82.497898
87.511688
83.129109
74.22903
59.010288
68.701638
70.699411
84.023675
72.292444
83.517142
88.189452
83.018871
70.13022
77.187815
85.207437
83.78267
86.987893
90.03651
57.281312
76.579685
81.141727
67.483557
61.860697
84.528608
45.246458
72.404594
59.125268
85.803201
75.929322
85.31743
86.340344
79.027274
79.954866
88.5086
92.950028
79.548788
89.409203
94.07797
