93.625611
90.813658
72.320246
90.618424
90.94285
93.203719
90.622184
90.224343
91.522629
83.401694
89.09715
88.809918
77.644597
87.828483
88.047198
88.764251
60.988311
85.952071
61.875793
74.617873
88.747351
49.8633
90.667341
91.517044
83.837964
90.815236
90.859814
83.30239
59.951086
82.67951
61.06123
82.721196
88.991146
61.585166
67.27097
74.123266
86.846871
64.662142
80.093526
78.219734
84.139255
88.03067
65.515058
93.372436
83.930854
93.052511
85.036923
92.571785
88.988436
74.110468
71.696281
68.696127
88.930758
92.345007
94.752871
71.524229
74.085487
87.986444
83.106647
91.504225
89.158417
58.465844
85.86975
89.553235
82.892212
79.698946
91.770444
56.812682
79.73325
91.217048
94.330492
81.696065
86.910528
89.458276
97.59705
