85.843749
93.838571
82.983543
72.140998
93.962513
95.579641
93.988039
93.810003
84.724611
77.461563
92.712455
92.549366
81.453985
67.928278
68.404485
92.355499
94.513859
93.01235
65.730109
79.589077
74.271813
56.135444
70.133217
95.734418
89.225749
93.143065
93.27948
93.44317
81.122125
74.821502
64.686763
74.073468
94.348107
94.434962
73.095372
92.392082
92.670192
67.754818
95.161608
92.409691
80.332255
75.160258
89.464773
88.544833
93.681362
95.524812
88.093515
87.569327
93.033472
77.84911
93.826424
70.934133
93.183848
94.974936
97.316423
63.473321
77.347486
93.336765
76.959221
87.375951
73.715247
60.387902
89.145931
95.509583
94.597487
84.132056
95.514243
94.592146
62.507989
94.045867
96.765802
97.299291
96.429073
96.589923
98.396077
