91.690381
76.001163
73.51801
74.441696
80.085691
87.901213
81.980692
68.665489
76.38183
75.398591
89.393759
88.094102
90.189889
54.07614
82.860622
76.189055
80.319935
87.682471
78.232391
87.397194
73.741745
62.420818
78.418944
82.256575
79.361672
71.669315
61.189333
74.014746
67.474234
89.464818
64.318695
88.943658
81.563407
71.134682
73.226337
56.134196
86.563822
77.536671
84.404705
87.019092
79.80402
91.100356
77.05139
60.936762
81.464922
73.869639
78.861439
92.115767
76.008952
83.557933
64.988114
88.07785
85.769933
91.682835
90.62185
89.473231
65.08454
89.06164
89.859945
66.460281
62.886522
89.556349
89.092097
81.498577
64.013796
74.028734
88.408986
85.052108
84.543399
75.916589
65.379358
70.374321
77.226398
87.836003
87.836608
68.844821
51.343397
72.149592
70.140458
84.260588
54.939412
87.993048
77.27094
63.121621
89.976667
84.362339
91.043917
89.365891
60.246039
86.970365
