98.428445
98.692466
99.049587
99.024398
99.08648
98.82751
99.111423
99.103962
99.140303
99.110178
99.11284
99.087083
99.108961
99.028981
98.438207
99.058716
99.079972
99.101631
99.143912
99.087732
99.122959
99.091006
99.023589
99.097344
99.090853
99.107842
99.078881
99.091677
99.004451
99.054116
99.047832
99.086286
99.048671
99.135961
99.107065
99.088675
99.065647
98.961021
98.92547
99.109977
98.963849
99.045578
99.086523
99.089956
99.066885
99.086967
99.086742
99.077987
99.121928
99.006013
99.067531
99.089119
99.077974
99.024981
98.92863
98.814983
98.957754
99.132579
99.122087
99.07573
99.005713
98.488495
97.926746
98.641107
99.103088
99.086968
98.821883
98.754873
98.444505
99.048975
99.088267
99.070119
99.069741
99.125782
99.08937
99.045681
99.064638
99.052084
99.065654
99.104333
99.048116
99.087339
99.086083
99.064895
99.086029
99.110604
99.0656
99.044765
99.069502
99.241897
