46.016158
20.956794
18.112129
25.709633
31.773148
29.945366
23.481581
22.417595
27.999414
25.268505
30.068238
17.201809
29.286449
24.792321
34.280792
27.400151
33.552504
24.145755
24.932082
17.515993
24.018555
23.794922
29.59819
24.583446
25.818047
28.99998
23.708688
26.822369
26.51986
24.489585
17.356907
20.419189
22.305936
25.720036
20.445928
22.888777
28.117226
17.836495
29.712965
31.405159
26.340048
38.147779
24.61099
21.960759
23.168293
20.808626
29.687395
24.341284
25.346231
30.539534
18.680908
31.773089
22.180992
22.51379
31.26596
29.071659
22.710337
26.237494
22.001476
19.556915
21.072267
35.201738
50.402466
29.392867
20.575608
21.342214
26.816811
28.162909
30.6204
16.693261
18.796547
20.728339
21.520102
29.51933
22.699837
20.457328
28.18099
28.563232
18.408835
23.841119
24.157702
21.553467
32.959141
36.210249
36.225941
23.497455
29.438972
23.261327
29.28743
25.333439
