66.090954
45.048362
46.425073
55.490373
54.546381
52.981792
51.07015
42.629919
49.791217
41.293613
55.542291
31.331936
45.331078
49.057509
54.296605
49.608067
56.313608
41.985236
48.037247
31.357417
46.689956
41.310111
52.0405
44.145919
49.130063
46.879591
45.612817
47.62646
53.723795
50.589268
46.001419
37.192987
40.60052
46.035593
50.689617
42.298291
33.820138
33.90403
48.07795
39.019477
50.621858
63.948471
52.875757
41.145398
41.597667
40.791769
65.376147
45.781416
47.681678
52.240309
36.30884
45.508123
43.210063
42.160188
57.978378
55.7444
46.218295
56.252126
40.97154
36.584503
39.213389
46.470825
68.500566
52.399933
42.907442
54.288403
55.289885
53.5849
53.908246
30.736174
41.499521
54.593646
38.215916
56.031631
56.454202
36.281291
44.419544
59.97888
46.487206
51.739652
46.0235
45.674859
46.737009
44.712471
43.989698
52.011704
66.151964
48.217976
42.587262
51.413933
