76.580378
57.431355
41.187147
57.940367
46.144021
70.820234
56.779112
68.712342
65.613567
56.88612
68.383088
71.060506
56.636241
60.763788
74.235645
60.36468
66.777466
69.441785
60.600391
41.484663
58.961124
50.160072
62.958327
54.075547
42.647252
57.07613
47.259837
69.765679
65.498158
61.738916
68.055929
71.291366
50.997614
56.409875
57.089496
52.604002
39.211725
65.707946
70.803735
47.846246
63.285622
64.322216
62.866296
47.836482
48.159986
45.401375
76.341606
44.966417
60.160571
55.811535
45.493979
55.719059
54.460024
52.671921
71.469939
70.509789
51.749209
62.943405
68.782078
45.527421
48.745615
55.416988
76.550506
64.377441
61.514263
51.494693
68.667979
66.175007
67.190702
57.608637
49.979965
54.631603
45.147887
68.536598
63.528924
55.135064
43.720633
58.879872
46.597822
68.11005
57.712255
69.139223
57.61602
53.759369
57.449479
49.776045
76.632981
71.817774
47.023366
66.387766
