93.679402
89.773186
93.65349
93.562006
95.008893
84.588439
92.362949
93.364444
95.38398
94.487536
96.266713
95.90336
97.076914
82.629363
93.936088
97.872255
97.7143
97.344622
98.196303
98.172617
86.703156
93.823642
85.374191
85.751348
92.707323
97.756875
85.601411
84.96839
88.201939
90.968237
94.67596
68.275289
88.797751
97.416886
96.430474
90.921969
94.767128
97.146847
97.173261
86.719996
78.509196
98.068396
76.059088
82.499716
83.579952
82.737198
97.064363
79.101746
92.191521
72.273134
96.785521
98.24649
98.413098
98.87844
97.415755
96.275871
95.873266
95.492406
98.588583
94.024134
85.898026
94.936366
95.454383
81.294117
96.703468
96.877894
98.148902
97.324472
95.506432
94.348372
95.854791
96.239809
97.257923
95.971715
83.27896
90.805227
85.342592
92.18693
87.4985
94.93063
94.967179
83.004639
90.061281
92.686483
74.756681
96.341733
94.900354
96.513515
94.282108
87.787
97.276577
95.782975
83.974036
96.072104
90.381814
84.177373
87.594191
98.794908
89.077437
96.126005
75.240922
75.351644
92.112449
98.610291
95.354833
86.638739
96.015629
95.026344
96.139036
90.429942
92.266642
97.607935
95.784128
97.359546
92.025179
94.204423
95.389052
95.787844
95.465406
96.878361
95.762768
98.351552
83.850776
94.59172
71.34518
93.955045
93.293493
96.180314
95.746889
95.509074
94.398681
90.227863
95.058501
76.216183
91.516546
96.215583
89.191704
91.021115
72.921934
96.186974
97.374225
83.39754
95.653946
94.170712
97.566894
86.95791
77.014705
81.945304
94.191186
92.0771
92.201295
95.361038
75.269667
78.272729
79.833423
86.594802
83.606232
92.406757
91.877606
93.142062
91.048912
93.193616
80.717687
79.307825
83.662124
97.655306
98.491019
98.876589
99.385714
96.297579
99.580276
99.166933
98.925737
98.549979
