21.451955
15.679502
24.545949
14.42953
21.549676
19.371313
12.475952
18.097918
20.682402
11.633341
19.077753
18.378679
28.463702
57.826438
20.250014
29.688706
16.562396
23.491917
25.47442
16.498096
19.538257
20.793741
16.762216
25.233439
19.334784
20.244356
54.071813
12.013983
23.707383
16.772646
16.097499
15.197973
29.366234
12.614756
18.236633
21.248929
9.97125
16.656992
16.521865
18.917205
14.282389
19.406246
18.869566
18.321206
25.093968
17.298609
30.808482
32.951368
20.962349
9.240473
12.879326
22.482792
35.037746
28.022647
26.56762
28.160861
30.592176
27.60492
29.093241
27.473856
18.438724
19.24463
17.250121
19.653974
15.29055
9.286607
21.865401
21.777126
29.384716
41.716426
21.599291
17.643792
17.258851
26.7253
15.06036
18.703685
20.14572
12.801582
18.758537
17.22114
12.837191
19.902229
23.71357
18.421449
17.238596
19.971529
22.703466
20.691053
15.982803
14.622951
19.880383
23.814672
24.530016
24.331457
19.020031
14.876008
19.077178
31.004286
20.210151
23.902189
15.958389
12.350521
21.437371
18.048765
21.790064
13.6152
22.174153
13.908087
20.174407
22.134715
16.162166
29.837767
19.386868
20.83388
16.460547
19.85978
26.003449
25.737797
17.181386
18.216374
38.059482
23.297882
22.91734
19.473074
13.75684
16.460063
14.786569
43.573199
19.597746
16.626525
14.134911
17.806911
22.136048
14.117954
17.932083
21.22355
15.355111
18.760238
12.718255
13.505805
16.235601
16.004031
18.902903
13.738086
46.976755
27.797612
17.190351
14.384013
18.291417
23.267725
18.577697
20.481326
20.264071
17.139277
20.277527
21.023684
23.427038
22.318151
22.46903
19.475835
24.798757
16.567345
13.545081
25.035039
20.461045
15.881464
38.151045
44.175365
36.688428
39.068033
27.794211
24.647218
35.199189
29.213054
