36.703586
30.447208
39.460665
31.71879
35.762654
35.363397
30.515542
32.40062
34.511426
33.800471
41.457845
40.783293
47.586706
73.644252
39.890402
49.934195
40.881566
45.933139
48.950218
41.967111
35.764405
37.097519
31.318873
33.031985
42.986344
43.268903
65.616871
28.102011
44.581591
27.703897
28.95634
28.873174
50.180816
31.397703
38.32289
41.763761
33.473374
38.059685
40.663283
38.710939
34.20562
38.795458
39.898544
39.143243
36.120569
40.676264
48.326994
46.098687
35.543886
19.949852
37.764188
44.740712
54.052505
49.322491
48.646208
47.987771
50.529147
47.724818
49.356953
47.405856
40.690304
35.977041
32.433006
37.73109
33.335818
32.865692
45.188599
43.781329
50.509985
60.684472
44.424154
39.808989
35.916056
47.617621
39.606765
36.379265
37.000428
29.575518
35.031695
32.73437
29.133447
33.086619
43.32534
36.665361
33.391142
31.087615
40.737074
34.226716
39.738317
36.003644
40.754779
36.510233
34.246811
36.991238
36.420123
30.001319
41.207686
57.578661
44.117877
44.383616
35.018739
33.438781
44.33588
31.772044
36.974936
29.472775
39.143418
28.984431
40.005122
35.806824
33.923803
46.264946
36.543892
35.246128
33.019385
35.758213
43.787837
37.521422
33.214924
35.698168
57.509877
46.018489
38.658083
41.429903
29.193332
31.286664
30.026642
58.742623
39.113269
29.811516
32.189687
33.997185
39.011235
27.687987
27.425878
42.059807
24.484447
33.992174
26.671035
36.161287
32.235603
37.796531
41.067474
25.925446
67.614047
43.216465
30.967789
30.7386
34.410613
39.298518
32.467339
34.960138
38.491912
33.484255
33.715978
35.934165
35.277019
34.19218
35.319452
36.839677
44.123589
27.342184
26.111588
42.561096
32.528328
38.334263
59.838306
64.133285
60.897011
57.097979
52.392814
48.427079
54.173486
49.421276
