55.715562
47.649701
56.188328
53.030337
58.536624
54.729079
58.499316
43.056768
51.282671
59.10137
66.639344
66.145115
72.159184
85.473974
63.308722
72.470004
68.480444
65.533797
71.111478
68.527238
53.579157
57.235042
37.922551
64.130605
64.916002
64.531311
76.171894
55.078177
68.646543
48.622693
52.404973
45.446481
67.046698
63.003064
59.268685
64.278057
48.030673
62.300448
63.34446
59.945689
47.568694
57.979013
58.973235
54.739606
55.920539
61.821076
65.043853
64.70173
52.176616
36.124116
39.87407
69.298088
73.931454
72.395274
72.899166
71.295798
72.777876
70.131304
70.253469
65.718285
57.606928
54.259856
55.232647
44.299468
48.847433
53.01963
71.690638
69.430534
72.785581
71.729832
69.791461
65.547898
55.339015
65.519701
58.742112
58.955909
54.429695
50.215724
51.732844
51.739002
51.305769
56.953847
62.954298
53.236348
39.832616
56.707589
59.3373
60.493952
61.784262
62.286828
59.642628
60.379516
60.457482
61.155976
56.080701
57.80056
65.35077
67.841184
54.986895
60.888723
54.39261
49.986855
63.983479
55.024362
56.819215
48.137353
55.134203
53.139455
59.976133
55.384242
50.916676
64.277262
58.819588
52.024644
51.529777
57.023259
65.184138
53.698932
57.86712
55.909106
65.948716
70.032995
57.3424
60.107043
51.115934
49.799951
47.024812
72.54428
56.53639
54.964946
52.686752
52.595408
57.17708
38.73379
53.058448
57.19413
44.965957
50.562502
42.689009
45.567274
49.125313
60.193434
58.907189
48.01627
78.927383
51.030285
49.215766
46.340764
53.935378
50.536989
53.61285
54.966753
58.090316
49.512521
53.669648
49.518976
55.12747
49.605179
48.05311
55.596666
55.283636
42.163194
39.176629
60.37828
59.614498
61.090688
79.90451
83.467471
82.572945
59.078251
71.225832
75.243338
75.959646
72.439476
