62.033634
52.639817
63.820286
59.561222
64.526077
61.557332
64.752748
48.719829
60.799676
62.738609
67.378032
66.761913
73.299147
88.818641
68.858347
73.648233
70.211531
68.27605
71.909997
71.49433
57.842677
63.166819
42.350118
68.035311
68.153543
70.28821
80.447886
61.969101
71.981325
56.539467
60.565318
54.394177
72.430245
68.492887
65.066779
66.700346
50.878419
68.331801
68.839213
65.724577
51.352673
61.80983
64.247469
59.962363
58.817537
65.459732
68.44347
69.382787
55.532438
41.47291
42.932778
72.657542
77.011164
75.109351
75.080589
73.830549
75.682519
72.590087
73.107647
68.936684
64.126955
61.548878
62.287458
48.143583
52.797442
58.736911
73.162968
70.147866
73.434645
72.508101
70.274482
69.32575
58.135944
69.505657
64.144038
63.783625
60.740475
57.577017
58.650417
59.154253
58.430479
63.950198
66.038669
61.879572
44.50882
62.576662
66.801203
66.857589
66.505437
69.056351
63.826883
68.438429
67.780777
68.922631
60.636467
65.94792
71.483431
70.330702
59.076572
66.44434
62.413899
54.477755
67.589921
58.570503
62.48723
53.87831
59.441371
61.356105
63.748819
62.513815
56.3144
71.881426
66.047832
55.569112
56.14864
64.253841
69.446668
59.485738
64.972043
64.281044
68.725916
74.358546
60.616637
66.791975
57.919521
56.104407
53.814554
78.114664
62.612359
61.25205
59.668798
58.38581
64.355273
45.333917
60.583739
62.418081
52.501061
58.124302
50.777548
49.796262
54.094398
66.951428
65.324774
54.213206
84.299446
55.327405
56.863442
51.631615
61.095254
56.128366
61.02571
62.391922
64.065988
54.489288
59.752082
54.986094
60.429427
53.870115
54.086292
61.87938
58.820273
46.924821
42.911621
67.794461
66.44379
67.491468
81.158303
84.084652
85.146182
66.333821
73.391398
75.510222
76.066328
72.469988
