84.049911
85.207441
81.965475
83.14643
72.482393
78.226192
81.048561
82.491972
84.985243
82.053786
83.582841
83.272116
86.312847
96.898332
86.744201
87.942249
87.042998
87.290167
85.652046
81.786665
68.651929
83.236763
73.281817
84.662737
87.465457
76.242546
92.298627
68.13052
87.094972
80.588985
85.62635
50.847374
87.446077
89.286862
88.995645
84.306676
76.187708
88.949589
69.269577
85.531129
68.222574
69.597929
87.782499
78.358574
73.571963
83.515634
82.223778
73.756997
82.323684
54.919386
56.312375
89.781029
90.516429
90.234871
86.314025
89.714635
90.294713
87.989016
89.97578
90.289021
69.052513
67.370753
87.22504
76.991862
72.933588
86.235906
88.672002
85.523924
86.855126
90.08204
85.850664
83.403781
72.383759
88.23939
88.801967
82.308202
80.841208
78.815993
82.488616
79.018006
82.921639
67.555647
81.129134
83.261147
81.884778
88.139715
86.654951
88.938021
80.977508
76.495724
88.243805
86.158576
75.835208
89.352055
75.598315
87.310093
89.721486
82.498815
75.921306
89.251328
83.926716
64.951869
90.486434
73.251894
85.939243
73.745803
88.343214
74.389964
88.204434
81.207285
77.336333
91.166417
88.088568
86.238783
78.269689
87.069931
86.775655
88.82023
83.354424
87.986705
83.235754
69.83081
69.508892
89.299345
83.21669
77.032095
66.216715
91.082771
80.580058
83.306454
83.550587
71.591923
68.823707
50.538683
81.935279
79.286727
78.233095
80.184662
66.140956
85.626725
86.459087
87.207328
87.100211
85.193606
95.460836
77.78334
79.585277
81.293594
83.460102
86.719653
80.395439
85.973897
86.170605
81.23043
75.447318
79.654144
81.782848
73.633011
68.610059
70.939275
78.69196
79.583981
61.443932
88.714828
63.466845
88.385604
92.323484
94.1968
96.410611
85.62282
92.944513
90.200602
89.168271
86.889218
