99.950233
94.618386
85.134538
99.876457
98.502633
83.400449
92.635797
99.966044
98.79542
99.975145
74.473241
94.807872
98.311554
83.77044
90.673019
86.593972
94.032471
99.914187
94.096179
65.337015
100.0
95.577306
96.717756
87.413885
99.392511
89.731461
98.730632
99.032689
78.707979
71.745833
83.27733
83.060661
96.95391
98.820547
95.4635
98.243248
98.588074
98.337045
77.946517
99.678744
99.997484
99.282016
99.993757
99.972453
82.266196
99.958401
99.7212
73.801934
98.152147
85.663376
99.624224
85.668421
99.138405
100.0
