99.980991
94.684297
85.239874
99.978309
98.563723
83.469794
92.687041
99.990048
98.800069
99.998043
74.558723
94.838255
98.339565
83.791667
90.737098
86.621045
93.997757
99.964001
94.13229
65.425797
100.0
95.628104
96.741089
87.361786
99.406913
89.853466
98.735703
99.076788
78.802011
71.745758
83.427257
83.202026
97.068838
98.889758
95.546765
98.328468
98.709104
98.394571
78.180514
99.73472
100.0
99.288869
100.0
99.999924
82.385547
99.989165
99.721422
73.814869
98.162936
85.696392
99.630166
85.714471
99.144768
100.0
