71.847308
77.348742
86.510325
76.48708
68.77618
78.062204
66.691127
77.478749
78.056218
62.43396
58.193132
89.721707
85.735285
80.689145
69.839859
64.934151
78.508511
84.315311
83.759402
58.240457
75.616678
88.153577
85.786118
71.863341
82.885479
78.102806
92.12524
81.760911
67.393535
64.516562
64.022438
84.149098
72.008666
84.500142
77.948554
72.378971
78.980858
73.810307
66.077308
84.68854
86.302474
75.64415
84.202395
87.572489
85.064285
85.14534
81.858041
87.505472
88.884742
69.312258
75.361134
66.345751
74.233894
89.892066
