81.494777
82.726143
91.461607
87.83529
80.055004
76.443369
75.237876
79.117829
85.978657
72.92976
65.490771
85.882642
91.611333
89.85309
85.805365
83.201053
80.811884
83.726867
87.752715
70.394324
80.742663
90.574269
66.365471
78.042603
92.41312
86.778866
94.978344
86.88666
72.412839
68.295176
90.69004
79.65999
91.012749
90.309415
85.880184
77.538007
72.735441
59.630192
62.086287
89.958004
90.476524
95.330821
70.880041
92.687208
90.953607
91.350183
88.803104
92.677095
92.817906
78.348126
88.10439
84.221121
83.41699
94.161427
