90.20042
88.690854
94.209718
93.326017
88.915323
81.736711
85.087143
83.410822
91.703793
73.854972
68.526519
95.037612
95.755883
95.235506
92.466238
73.339783
92.056272
94.287166
90.877468
74.437262
86.68349
93.323234
90.475447
82.705407
96.139298
86.521197
97.021352
90.291088
75.235034
96.327318
93.687169
91.097837
76.994575
94.317828
90.347229
81.959422
82.770121
62.068638
61.425334
95.305881
92.067969
97.664579
96.010156
96.565751
94.138895
95.083357
94.46967
96.243515
95.810023
87.465095
94.075444
93.356841
94.972708
97.940028
