91.584069
89.964504
95.601545
95.303078
90.451653
82.752178
87.068425
84.346593
92.705214
74.717032
69.464759
95.659651
96.442618
96.650997
94.085388
74.230669
93.305818
95.387087
91.768048
75.268992
87.397031
93.737327
91.590687
83.563562
96.98133
87.22296
97.659902
91.538375
76.288925
97.482884
95.404201
92.576095
77.96548
95.777054
92.335758
83.484433
84.187036
62.740555
62.394105
96.444563
92.824428
98.522257
96.754221
97.304369
95.686587
96.205179
96.025774
97.328943
96.403612
88.703626
95.211859
94.843155
95.949313
98.306991
