96.989606
81.215636
98.484185
69.943841
94.069958
84.627514
91.693963
98.774408
96.308317
79.161938
73.651154
92.45218
98.637925
99.76422
90.093764
66.160491
96.618221
99.489353
93.992979
68.258944
99.837141
95.423875
95.175967
86.655404
98.707897
89.46986
98.884886
81.345687
71.540783
70.80384
65.895346
88.22961
96.874427
98.264808
94.906158
86.345815
77.228012
85.796485
67.127106
98.946538
94.604909
99.961239
99.322141
98.441392
97.880963
98.973509
99.474907
70.970181
98.089539
85.230967
99.148467
85.115483
98.871655
99.973838
