74.858664
66.083443
67.58587
76.252281
77.143737
73.045174
67.915997
71.982173
74.795598
76.61303
83.261587
68.442425
69.388515
74.520679
69.233533
71.571175
58.665589
75.173909
75.640419
80.807303
63.533374
76.848734
68.109397
68.940665
63.51928
73.001595
77.665191
66.644524
58.018327
62.345141
60.856066
51.825182
77.45784
77.896567
81.441988
77.138694
81.300322
73.414933
65.471954
61.440039
59.338123
55.140188
72.133686
63.544863
70.62411
60.556343
64.646479
60.429655
62.873181
61.741979
66.038396
82.672428
86.726163
30.762296
