84.18518
78.569957
79.761023
86.027568
86.871757
85.021873
81.069087
75.409246
84.62043
86.63102
89.785819
79.017538
80.911405
84.955749
81.287631
83.697346
75.556689
83.954087
85.071181
88.86158
75.188683
84.211135
79.016665
82.758755
73.948609
83.111791
87.079661
79.826565
73.577441
72.074452
77.870752
60.425351
84.734476
83.84008
89.498138
86.201797
89.293914
83.200979
78.008958
75.768553
69.467473
67.960321
84.390601
73.769878
82.938021
76.304784
79.028354
75.152793
76.554657
74.643129
78.520263
89.045382
90.064475
48.17452
