92.746667
90.04557
92.586977
95.083543
94.907303
94.384775
92.346376
93.86852
93.154731
94.718641
95.568896
89.890443
93.052866
93.490696
92.197735
93.825637
89.951309
89.380326
93.865939
95.122645
82.782193
94.116445
89.257514
91.857373
93.405882
91.402919
95.126612
87.333271
88.099086
85.631405
86.010273
76.435425
92.992858
91.58639
96.360669
94.24604
96.129118
92.791652
89.340729
89.517785
84.742963
83.040076
92.53857
86.323933
92.910583
90.450808
91.444119
89.452269
90.797897
86.265969
89.785017
94.204177
94.648045
72.057462
