96.351532
94.918332
96.354825
98.098436
94.130951
97.368615
89.280407
87.513844
95.440052
97.246093
97.813113
93.090579
96.332976
97.26807
95.326725
96.91475
92.523085
92.052176
97.024661
97.558505
87.108638
96.634545
93.521422
95.62594
98.127955
92.193234
97.716958
94.425761
93.527735
88.708515
90.004179
74.952709
95.496856
96.54023
98.283548
96.847843
97.866383
96.243409
93.911823
94.694142
90.051834
84.511536
96.872323
91.156472
96.589406
95.183723
95.992894
94.630187
95.672495
89.30716
94.285686
97.232862
97.462027
86.790042
