97.456629
96.191214
97.831789
99.025963
96.967983
98.334778
98.352047
92.230907
96.806608
98.06755
99.144539
94.811044
97.932669
97.993378
96.96708
98.239094
96.034806
93.172892
98.382127
98.543454
88.52887
93.474516
94.876712
96.839271
97.083989
96.200099
98.681995
96.645844
95.581395
89.756073
91.496522
76.474587
96.451854
97.507434
99.252437
97.79038
98.54475
97.498374
95.342542
96.435286
88.864402
85.655882
98.237694
92.585726
97.76596
96.822805
97.528429
96.875435
97.481388
90.366782
94.614086
98.032816
98.071818
89.93019
