93.15303
70.651602
86.673827
91.341091
89.615825
78.686263
78.2308
90.072042
63.185983
81.405433
86.685432
71.214394
68.458024
87.494202
77.388537
74.050112
82.350832
77.126695
89.967025
89.947995
84.636072
54.603646
82.440152
76.559879
64.879077
82.801979
66.653919
78.971486
77.947077
68.968765
86.154825
81.763237
91.884253
51.619554
58.397167
91.708999
87.398585
80.396927
83.70172
80.985517
76.899749
90.157208
84.768726
79.205088
62.874233
63.012681
90.032513
91.504009
74.682476
81.906656
93.502555
85.088482
62.780723
90.629626
91.189912
68.838309
73.775751
nan
60.759188
79.838573
73.120202
50.834938
78.243527
82.344437
90.021605
68.356926
80.116757
84.882899
86.131522
66.161535
90.027615
90.075596
80.8567
82.68558
83.394903
80.937596
58.738898
89.582074
79.705666
66.236014
63.374912
67.353805
81.933463
87.853888
90.958425
94.522929
