97.874141
97.958049
98.002978
97.904218
97.884577
97.756408
97.819309
98.151859
98.412259
97.748452
97.763179
98.048176
98.096547
98.60401
98.546292
98.242707
97.777216
98.20225
98.489725
97.981016
98.46875
98.995731
98.579832
98.561757
98.544822
98.033665
98.55094
98.35524
98.614004
98.793228
98.028117
98.823518
98.161133
98.634186
98.530447
98.736038
97.549104
98.024685
97.731488
97.900079
97.967265
98.156833
97.699751
98.04873
98.4549
98.618221
98.42523
98.832205
98.592572
98.570152
99.024958
98.489581
98.506941
98.968803
99.084123
98.737896
98.805007
99.033077
98.673619
98.569744
98.73579
99.010493
99.143112
98.768996
99.062684
98.888086
98.699011
99.028309
98.932817
98.886425
99.061329
98.937527
98.581683
98.883209
98.700778
99.037866
98.668543
98.783618
98.754085
98.694913
98.739463
99.129142
98.48012
98.063506
98.253851
98.540517
