47.512036
63.705438
42.36197
32.268309
29.374736
25.178008
28.710085
23.172227
22.599938
23.594032
21.605786
44.803647
44.557655
30.560062
46.816201
56.767122
42.029276
26.999403
15.814675
34.345725
47.558985
23.02632
13.927795
26.048187
26.685894
23.007579
24.039361
19.189253
41.014169
23.357846
20.295958
36.35849
61.290497
21.114194
47.100759
17.402389
37.456119
41.513119
58.42141
26.408778
32.518658
32.369365
34.089572
40.941806
28.791888
26.352403
26.392618
50.743405
27.623688
32.941807
41.760332
27.300106
26.707178
32.170818
16.608383
26.645231
7.784543
12.095773
12.271741
20.889397
26.327854
24.10548
13.164441
14.09639
12.147865
16.781947
9.731995
21.075764
23.052788
7.696219
21.419483
32.481865
20.347883
26.264432
15.29963
26.898478
13.475209
23.802466
12.689191
12.355469
16.643795
26.106619
22.571311
26.140951
26.232229
48.00683
