58.772731
68.877921
56.674286
39.595847
38.652233
36.621833
36.699432
39.657793
32.164269
35.634513
36.676759
51.869993
55.152866
46.427434
48.749608
55.158703
49.128904
40.215869
26.4808
43.319685
45.726488
31.721072
27.480574
32.810943
45.355284
36.70517
36.270494
31.638889
46.916314
31.743495
34.904075
46.259052
72.668005
26.970433
41.817535
26.055733
48.309061
48.794316
60.595027
41.191158
44.122173
44.967637
46.15836
51.973911
40.369063
27.939751
41.108615
47.644479
38.576068
47.335434
50.756565
32.08075
41.153484
41.007942
34.374905
45.24397
17.864255
16.252774
19.290787
28.55468
35.101488
22.449044
27.79869
31.859366
31.085532
29.388321
21.701702
34.2097
32.556385
19.678672
39.70782
50.99065
34.091192
39.602677
28.221747
41.334959
22.722554
45.521633
25.147197
24.102947
30.333418
37.542237
40.889851
39.678075
40.415316
60.330199
