78.036571
73.027853
68.328144
55.191931
47.487483
51.924515
51.879909
45.079095
45.616023
48.694484
53.26421
67.281736
51.802139
63.485687
59.32387
62.331981
65.516422
57.423876
55.888894
53.554693
73.646459
46.405672
43.822372
44.128582
47.070553
52.762086
40.729301
46.962847
54.019312
43.486019
52.478059
59.441855
77.091536
36.098756
47.437352
37.006286
63.974188
64.233188
67.535152
55.943215
50.917736
60.928714
60.468397
65.193685
48.222065
37.992507
53.169111
66.145413
51.205745
54.908778
66.902332
53.47455
40.483706
68.664723
32.443729
49.828597
29.918898
26.526103
34.655743
47.748578
44.51849
32.479984
37.847974
46.907391
52.730802
45.946967
44.287095
52.994646
51.753249
34.998507
46.870224
65.396898
50.193424
53.86506
44.033897
58.10857
35.226409
60.72929
31.423002
39.330988
40.708728
50.812932
55.568427
56.804007
56.860425
74.502023
