78.919439
73.56818
69.555322
55.908183
48.203671
52.618871
52.548779
45.838269
46.377456
49.648114
54.566112
68.580374
52.488117
65.594793
60.932481
63.721924
66.767518
59.363357
57.67947
54.486556
75.184386
48.277744
46.886378
46.708953
48.952559
54.618805
42.893572
49.163619
55.093013
45.236654
54.486922
61.365409
78.187913
36.9154
48.017403
37.875647
64.48846
64.910873
67.885936
56.80738
51.717433
61.881222
61.005544
66.385889
49.353986
39.396055
54.67994
67.902938
53.566188
57.148233
70.389916
56.496715
41.317274
71.360818
34.882912
52.819795
32.258018
29.090594
36.911368
50.662115
46.414049
34.05487
41.262319
51.96565
58.679725
50.885754
48.437082
57.758352
56.700584
37.703768
51.993156
70.369029
53.346785
57.500499
46.680372
62.095015
37.666385
64.053201
34.969931
41.984739
43.398697
53.909245
57.837735
58.523554
58.304475
76.109526
