78.242307
86.483311
80.799528
69.426817
62.21778
62.032252
61.761205
52.880597
53.688405
59.812637
66.466229
66.057643
60.202335
74.932041
61.90268
69.080301
70.434411
70.884758
70.151109
60.982507
82.631274
41.719369
58.216711
53.378887
70.998644
64.975599
51.016602
61.331355
59.05076
58.010205
65.212818
74.205268
87.007207
42.088553
66.999446
54.285997
72.86024
81.603986
71.275244
55.398357
68.950468
72.175991
70.263631
65.087594
65.134031
49.255388
57.245456
68.272452
61.45168
58.705954
78.030099
70.376118
61.724085
78.380481
75.790736
59.126358
40.092622
54.075672
45.026886
62.484886
51.751438
40.425675
59.130292
60.770918
69.666745
51.474627
58.130403
60.486235
56.960219
48.112462
41.448909
66.072392
63.835862
70.794018
55.911875
72.465716
45.822513
73.185348
43.431308
51.1557
51.570762
62.411735
50.795439
69.783571
67.360057
69.156154
