68.662274
67.375461
83.735371
66.147468
65.63945
65.256943
64.971809
55.39133
56.371358
63.468467
70.784826
67.830363
62.465789
79.975093
63.417542
70.938639
76.311783
75.444809
74.916397
72.397116
78.41975
62.965544
62.961228
57.550193
75.56043
69.494393
55.076944
66.217486
60.988277
61.571313
69.888505
78.363572
88.793061
44.407855
57.523503
47.233724
75.162004
57.481341
72.053564
68.919359
72.207639
76.5149
77.105079
68.640042
76.831055
52.838214
60.21126
85.826397
65.515018
73.936741
77.792163
75.628853
78.657579
82.413263
82.037616
62.710223
44.268201
52.972055
50.633398
67.735426
54.263563
43.192842
66.590294
70.647627
56.260937
66.268384
64.59485
65.27476
78.753805
53.991719
45.125718
71.373804
69.321171
76.509185
70.856877
78.748348
50.329515
68.213272
47.358391
57.029376
54.417087
59.150705
72.59504
74.386836
71.047973
87.77315
