68.798976
61.470779
89.923491
92.675093
90.692724
91.084069
73.967665
80.07413
93.518022
78.08289
89.775685
76.719109
69.644364
95.705909
65.668246
60.366526
82.454754
84.277046
88.242575
86.420357
75.018288
90.052046
92.131864
87.717217
67.02557
63.678118
93.290761
83.619078
54.967846
94.272449
84.598045
88.398643
74.195332
70.293525
93.522147
71.205532
69.606712
88.190469
79.488736
54.513462
80.017423
74.704961
85.745728
91.322952
56.945227
89.948978
71.676409
82.777359
97.93249
99.804114
98.980096
