69.987547
62.929616
92.064556
94.029907
92.874423
92.163642
75.144246
80.939928
95.585929
79.698066
91.994974
77.983239
69.907043
95.932889
66.591795
60.868833
84.665164
86.81138
90.385279
87.872943
76.554077
91.920525
93.921924
90.888955
69.216779
65.229855
95.095054
85.907991
56.404335
96.267357
86.10111
89.765466
76.255146
72.2885
94.887304
72.94681
71.287816
89.742394
81.948525
56.62091
81.899548
75.865023
87.278514
93.455893
58.411226
92.913805
72.862578
83.812112
98.105276
99.881654
99.026584
