47.012314
47.115327
38.669984
70.608146
44.50875
66.976867
44.987574
61.369169
51.512981
46.448082
54.479291
49.881334
57.035443
76.582251
60.075503
46.375188
39.112334
44.848773
41.496737
57.121186
39.076296
56.208941
60.841036
43.836877
31.007749
37.013943
59.01176
49.690268
45.575337
59.277387
57.607918
53.195481
38.080985
44.836998
63.84644
47.133579
42.325248
54.167508
44.560249
nan
46.190088
56.077886
49.765002
53.786687
32.954733
39.201012
41.825288
53.278284
75.211266
86.253341
74.937997
