52.327886
52.676647
43.683995
75.096142
49.048569
72.066467
49.75492
65.459046
57.83213
53.402038
60.954733
55.626451
59.972857
79.977432
65.369092
50.736412
44.746544
52.448659
47.159566
61.653064
44.73546
62.530456
67.411908
49.368241
36.643126
41.860013
65.729888
56.00369
53.378105
66.566075
63.773586
57.79144
42.95716
51.947196
71.459841
54.311398
49.198744
61.59794
50.269783
34.866853
52.43417
62.686195
55.104431
61.052702
38.360353
46.560992
46.3401
58.440534
76.729585
86.547279
75.153338
