58.853905
60.30206
72.7765
82.311697
77.383017
79.552016
61.350952
68.115923
70.870379
65.782869
73.931642
68.318952
57.019135
88.347582
76.816423
54.701349
65.457098
61.448603
56.048549
71.665272
55.084803
71.607204
80.068563
53.303851
51.670901
51.227571
77.125566
69.803998
42.652578
79.500512
73.585028
66.409575
51.648889
53.359763
78.085552
66.272954
59.40165
85.902954
58.839197
42.375312
63.057173
65.290058
72.567333
71.439796
46.170387
68.566832
60.633457
70.515952
87.799786
92.385568
86.693688
