74.266495
91.798886
82.350102
72.639731
78.165282
55.392127
69.682549
68.982984
38.588472
64.434818
42.066317
72.769665
65.930713
75.04993
41.543129
72.135684
72.654743
67.42107
59.929541
75.789161
70.393296
73.164237
47.770212
49.111638
73.714911
79.255986
57.79076
51.208109
37.503922
44.407375
51.609932
73.517324
50.498283
79.217718
72.72244
75.475634
70.900186
72.612761
43.569953
41.166552
49.725111
66.523997
68.847044
83.857999
60.264851
79.238789
84.396565
73.537576
47.156866
77.357297
78.660523
50.785215
55.571714
50.754907
56.840307
68.218805
64.475581
53.999596
69.348151
52.489965
65.204404
