75.31682
93.126799
83.157175
76.176982
81.894473
57.301016
71.980654
73.476139
43.313075
71.545491
46.675201
79.389187
74.12889
81.370672
44.832892
77.520776
79.204214
73.486371
65.445333
82.13006
76.640793
79.134638
50.066206
51.640694
77.987437
83.262828
63.316383
55.954314
42.372583
50.145998
60.236895
79.415273
55.514237
84.595542
78.985068
82.261354
75.405135
78.967418
47.562447
44.493263
53.778448
72.024628
72.562471
87.441514
62.497536
83.570748
88.312962
77.595031
48.873238
81.424053
83.806211
54.274487
62.09775
56.691781
64.241193
75.943454
72.360823
61.253213
76.848922
62.421174
70.81764
