99.409567
98.861336
98.01845
99.892822
99.807532
99.807073
99.807067
99.807076
99.849942
99.849948
99.892816
99.935694
99.850353
99.89282
99.849951
99.892823
99.807073
99.892822
99.84994
99.935691
99.85203
99.807077
99.807081
99.807087
99.807065
99.935685
99.891923
99.84994
99.849942
99.850495
99.849955
99.935692
99.848688
99.84994
99.849955
99.849949
99.935694
99.893324
99.807081
99.807077
99.892825
99.892821
99.849949
99.89282
99.764189
99.786021
99.892816
99.935687
99.892806
99.892819
99.849943
99.849952
99.935692
99.892821
99.895234
99.935692
99.892809
99.89192
99.935689
99.849946
99.472881
