32.426581
32.569126
30.124269
3.052755
5.968907
3.17574
3.352803
1.946961
1.063742
1.826577
0.962509
4.22624
1.19285
4.270161
3.917126
2.415396
2.98058
2.90093
2.982545
0.922435
1.137625
1.172352
4.556482
1.938299
2.975733
8.612748
3.480618
1.838041
3.412889
1.98471
4.744789
1.564936
0.505551
0.520848
1.962529
0.778592
2.252546
1.032565
1.328901
0.931629
1.346128
3.558134
3.085141
3.929178
4.755592
3.471651
6.906121
3.499372
1.108098
0.82606
2.355317
1.036372
0.988061
0.459395
1.540459
0.939479
1.658468
0.367346
0.717607
0.550931
6.133344
