41.856785
47.789393
44.454838
14.182165
19.039117
18.155633
17.425652
7.900639
5.217797
11.203316
6.26763
16.218399
8.313995
10.901707
10.559831
12.694679
12.910205
11.071625
11.448297
10.173901
7.775388
5.044407
13.355845
11.220177
12.846474
22.186477
11.493189
9.836574
7.089446
8.227559
8.709797
8.376385
4.934857
10.76429
7.447433
7.479111
11.345319
10.628148
8.667578
7.438376
8.924519
11.932032
13.603489
17.544972
18.325506
14.871828
21.96055
10.303241
16.040824
12.940813
13.927827
7.347208
8.721121
3.754484
6.898622
8.999086
8.776051
4.046663
10.183547
4.350573
13.821274
