57.605606
63.000616
59.842798
31.039666
36.050166
31.184632
28.045854
25.273214
11.591879
20.661543
12.534996
24.294803
18.531157
30.004592
24.243521
26.996248
20.26265
23.84979
22.107249
26.858801
23.734135
24.346039
32.605314
26.151387
32.332651
32.626903
20.119088
22.093149
13.541147
15.281169
14.474371
23.758544
13.071902
23.153852
20.322166
24.218714
28.413667
24.582965
17.345805
18.824827
23.386913
19.679589
28.765784
36.37037
30.938928
19.427923
39.601132
30.407401
19.469344
23.274675
31.451858
26.098574
18.060893
11.916985
12.458969
21.463763
19.880526
14.526735
22.768532
10.014351
24.883383
