68.627418
77.464769
71.320407
50.609131
56.399017
55.976716
43.708769
40.630104
20.640268
38.614512
22.689258
48.515151
38.548944
46.847435
44.431505
43.78565
37.501268
44.850049
40.397765
48.15295
46.195741
45.711538
30.348893
46.413307
28.042129
56.727996
33.954309
43.373309
26.837047
34.399193
30.116919
46.276982
30.296325
49.903956
40.13774
46.629813
50.408454
44.853159
35.52878
32.234036
45.242389
41.737391
45.486605
47.428746
48.772899
52.45081
59.603261
53.934651
29.13563
44.107838
48.088065
32.544357
37.696554
27.224124
34.486966
41.874364
38.767092
29.049174
40.657058
29.659666
41.637437
