91.008552
90.206587
91.866502
92.871722
83.29443
89.278098
86.20896
74.941753
90.51483
78.300156
79.967776
69.755757
87.519928
91.937812
92.149029
93.775433
91.736136
81.738122
81.389672
92.204557
93.351822
92.386887
92.041217
94.394923
79.899638
91.856871
92.013967
88.329105
83.024134
90.866537
94.437281
72.040577
77.901965
90.409434
92.81917
92.726182
86.345072
86.996907
80.715545
86.678433
67.8205
80.400159
83.287909
87.954729
92.61798
85.897583
84.736003
85.02114
91.20078
74.932632
84.085848
85.818666
76.129829
78.555712
81.816654
83.468037
93.580041
93.475468
82.27084
91.079939
88.972423
85.07637
76.183318
90.495495
91.925029
93.462246
92.407767
89.262658
85.409568
80.310138
81.899516
92.118063
