63.309884
50.123508
58.756758
54.882484
56.472082
50.645312
56.435051
52.190586
56.871467
47.222814
45.98794
46.556032
46.328028
44.992371
60.955391
54.955494
55.169784
56.161079
51.023823
50.489084
45.81483
58.742887
53.129354
60.087156
52.474786
52.953751
54.665819
59.270815
60.960171
42.701723
41.981677
48.649966
46.058925
56.619702
54.893863
55.144403
52.663376
48.029901
53.328098
54.109762
46.22082
45.870737
46.81729
45.941811
56.165183
59.179301
59.272554
48.978082
47.407764
45.459364
52.894712
52.47334
50.387058
42.895614
48.329234
54.511085
58.250999
54.018259
51.860877
47.681578
55.735549
47.456296
50.756937
53.325983
56.149124
68.356946
51.166106
51.776417
45.396409
45.622096
48.873943
64.00336
