71.274423
57.818052
69.361775
66.667395
66.81578
61.742191
68.42687
64.762295
65.981671
52.154456
55.940033
50.642062
60.190535
57.87524
70.716405
66.168689
66.543113
62.402218
67.280938
58.457184
52.976371
68.528531
66.912137
70.282265
61.69007
64.381634
66.58989
68.149469
62.505061
52.199702
53.412786
47.558267
58.203213
67.523918
65.676736
65.69034
62.796568
58.766066
62.613895
61.995929
52.756008
56.610901
52.817683
56.043627
68.009163
69.448526
67.266205
57.891402
55.51989
54.601332
62.279176
57.595953
59.390492
49.99138
57.479956
64.563947
69.775473
65.613239
59.245209
60.232358
68.010177
56.266167
59.171462
64.461401
66.514205
75.529187
59.080952
62.462154
55.075814
57.685835
58.670994
72.539748
