80.054489
63.257079
79.353821
77.618467
71.414578
72.889037
79.359129
76.315573
78.662141
60.859289
66.682782
60.377269
74.146996
71.851546
80.537634
77.608549
76.513171
77.612881
77.897922
74.434805
59.910239
63.681977
73.538078
80.681597
69.703787
74.648401
76.227772
77.670161
72.415832
60.799205
65.2752
56.609909
63.284467
77.362018
76.565477
77.208809
71.152678
68.496505
70.767161
72.746473
58.099441
63.444362
65.793817
68.483726
78.967269
79.730341
76.53046
67.724521
64.888257
66.293012
72.680512
76.827219
66.278642
57.625679
67.532313
74.093679
80.607348
77.466157
65.484941
71.687922
77.723077
64.247027
67.594883
74.826305
76.496116
84.763728
69.280214
72.721193
65.586462
68.93872
67.732749
81.709494
