84.914409
67.663542
87.211552
87.879735
78.311915
83.144834
86.608314
86.406682
85.468045
73.754067
74.562329
69.893274
81.709369
85.430411
86.774329
86.402917
85.922463
87.910481
87.318751
86.985391
62.284629
74.330582
87.315737
89.856311
78.049397
84.472606
87.601432
84.193042
74.471724
69.885495
76.022518
67.481328
72.976459
84.671853
85.708575
85.456286
81.337469
81.941044
83.742263
81.961961
63.854752
69.659275
81.964391
82.360627
87.686493
85.796956
82.107076
79.067182
85.014893
73.707538
79.090695
76.439242
70.092833
79.759021
75.887819
84.627719
86.711491
87.620906
78.084531
84.615497
86.317175
76.11713
74.589809
85.537545
83.210184
88.190113
85.510537
84.460458
78.799755
75.383147
76.968005
89.072624
