97.056353
96.723238
94.785326
94.184867
92.138648
90.670878
97.268457
94.568467
96.880027
97.259491
96.37959
93.64967
93.744182
93.211612
92.588735
97.000354
96.593675
96.831199
96.418293
96.574486
95.189212
95.970529
96.709713
95.643438
93.280396
96.194712
94.363494
96.608092
94.175457
91.138572
88.425649
91.972724
97.007221
96.93804
90.021807
96.374718
93.531977
97.012246
97.382654
88.485619
83.796727
92.516205
96.880744
96.0062
95.063102
93.417458
97.024178
97.240913
82.325045
96.962368
97.205551
