96.65226
96.468705
94.475678
93.830066
91.870276
90.311369
96.819291
94.288391
96.640353
96.848683
96.074728
93.290999
93.43732
92.873104
92.243468
96.714318
96.220627
96.356403
96.181348
96.345229
94.844561
95.689365
96.498884
95.408828
92.99671
95.969288
94.021892
96.370464
93.902673
90.912395
88.223413
91.803002
96.823208
96.585458
89.746537
95.972746
93.320941
96.726623
97.088526
88.154672
83.160009
91.977657
96.348716
95.556005
93.932529
92.624761
96.47509
96.630438
81.821501
96.761432
97.036534
