45.047964
40.354482
41.368847
44.555962
44.996408
42.551647
44.921606
45.407436
43.294934
44.58219
41.772981
49.680959
47.860461
42.621268
41.530051
43.754848
41.226854
44.110233
45.872315
49.635684
44.621984
43.023392
42.515799
39.648678
43.985077
41.414532
41.056303
43.828164
46.227982
47.677604
44.408689
38.920703
42.785765
46.788596
46.930928
44.769836
40.577048
45.245344
43.043394
44.288062
45.87048
44.75704
40.240426
41.748629
47.17635
44.377414
40.813938
45.021097
39.523483
43.041134
43.220541
