58.733673
56.489165
56.339675
58.829226
58.048924
55.057038
57.98497
58.21806
57.444852
59.80295
58.289656
63.277034
59.977111
57.311261
55.740906
58.452845
55.36606
57.684196
59.815164
61.529389
59.499169
56.698971
56.934065
54.745154
57.815568
55.917694
55.618611
59.129037
57.597264
61.773964
58.659833
57.104805
57.369235
60.554357
58.928947
59.070917
55.907088
58.979825
55.976882
57.832756
55.746606
57.823122
53.215634
56.250617
59.660046
57.961326
55.198308
56.656249
51.12896
56.953275
57.095104
