94.642622
60.921119
96.032549
96.251982
96.356636
91.230986
98.256869
95.975458
94.457309
93.026621
98.353353
81.759479
90.861657
99.223154
99.307245
97.538126
74.027592
83.440305
85.817784
77.511148
89.589406
98.896204
97.425073
98.296222
90.361363
81.956274
79.748415
97.708493
98.635131
95.466442
94.401155
96.347628
83.243918
95.735968
95.813598
91.221156
97.168097
84.228307
97.129082
79.013651
93.450139
97.992395
97.273787
98.565026
97.408508
97.905316
98.036447
95.279752
97.399587
96.159396
97.588509
97.052406
99.055387
96.950996
89.332501
98.101193
76.146728
98.6052
91.245002
90.929057
97.396363
83.209539
94.250276
98.110294
91.822483
90.241525
94.310247
74.782501
92.060659
95.512354
98.936596
96.09409
94.300226
74.637946
91.906288
97.286535
94.60825
91.673607
99.115072
90.988018
78.881385
97.895674
94.73796
89.550914
98.217102
85.639893
63.744478
61.169516
67.779381
82.874201
