14.765518
10.249714
21.823139
31.442309
21.254964
24.101484
31.411945
13.467809
10.403879
22.273736
22.506335
22.678818
25.786001
27.858829
30.004821
18.160105
28.235816
25.287232
14.827521
21.62843
28.452564
22.512591
23.730048
30.020232
23.200505
17.209787
14.624945
16.439194
31.986857
28.396006
16.082685
25.384058
18.987678
27.570722
24.617628
24.084321
28.060916
26.332231
32.75349
22.581597
32.973849
25.347329
23.184669
27.438766
19.882222
26.862535
16.882908
17.953069
25.289459
26.438126
24.409592
27.279945
33.466954
27.805375
20.329149
18.340317
20.161618
20.763677
19.172317
18.05787
20.867535
28.950433
27.082003
28.415506
31.712246
18.513968
30.904245
17.498693
9.911631
26.945704
32.40615
27.45895
24.343497
9.236308
9.360248
11.85916
18.980816
21.875147
24.765342
9.768045
22.355601
18.73912
10.235961
12.695431
31.063631
16.187657
8.02811
10.141324
14.098237
15.899054
