65.471141
57.278701
83.273187
80.883899
65.328348
76.747838
84.574659
63.666112
73.190868
64.2765
83.860181
69.585745
74.282334
86.924953
86.500336
83.748635
80.347379
77.297316
55.656417
65.711344
78.381953
88.68022
66.698877
85.032036
68.738025
67.869768
70.506594
72.81463
86.708531
81.836225
56.05247
81.655501
74.385941
80.422984
78.885894
68.725531
83.535977
71.293096
66.323033
88.372422
84.270746
87.596789
78.033962
85.204968
78.547643
84.890692
81.293282
77.200756
79.983241
66.732852
82.606732
85.642418
85.286932
71.030621
71.267714
79.883393
64.437933
85.11618
67.891687
85.438396
82.817069
82.972733
80.774155
83.42799
79.975912
77.818937
82.344791
77.539368
74.680724
82.433965
82.222026
81.998315
82.851825
58.300729
69.271224
53.52192
64.072311
67.313431
87.622636
56.789354
72.308122
59.460702
69.059202
47.440128
87.167537
72.116357
49.652692
53.715181
57.741381
56.075406
