97.169246
99.241633
99.881535
100.0
100.0
99.846084
99.077375
100.0
99.878506
99.98116
99.889644
93.835446
99.939803
99.715351
95.294844
99.992653
100.0
100.0
99.997566
100.0
100.0
100.0
100.0
100.0
99.578257
100.0
100.0
99.570712
99.98299
100.0
98.811478
99.458982
99.383444
100.0
99.998942
99.903937
100.0
99.997845
99.227794
100.0
100.0
99.223216
95.910617
98.967988
96.421498
99.385309
99.303824
97.790607
98.89207
99.08316
99.142979
99.885116
100.0
99.975723
100.0
100.0
99.07118
98.989065
99.920757
100.0
100.0
100.0
99.930747
100.0
100.0
99.540664
100.0
99.980701
99.980611
98.273594
99.919424
99.932045
100.0
99.942816
100.0
99.993814
99.958873
99.990367
99.743319
99.979592
98.683776
99.857257
98.286934
99.491278
96.678721
97.998224
97.190634
98.959076
95.399914
97.449501
97.207264
97.389868
96.802999
95.822706
95.159095
98.8952
96.078824
98.59365
98.524668
97.426885
99.721593
97.196991
99.590649
100.0
98.236279
95.592037
99.107663
99.234751
97.024248
97.735008
97.469751
99.809928
98.785734
100.0
100.0
99.928765
99.435019
90.450362
99.196727
