98.052478
99.320566
99.883174
100.0
100.0
99.850681
99.093838
100.0
99.887075
99.99423
99.907634
93.877087
99.941811
99.717588
95.342576
99.994165
100.0
100.0
100.0
100.0
100.0
100.0
100.0
100.0
99.62929
100.0
100.0
99.601497
99.991399
100.0
98.857567
99.49026
99.414199
100.0
99.999965
99.911789
100.0
99.999682
99.581901
100.0
100.0
99.227044
95.94388
98.980938
96.458561
99.388965
99.321849
97.819383
98.920261
99.117214
99.165706
99.89766
100.0
99.995919
100.0
100.0
99.20434
99.065028
99.921418
100.0
100.0
100.0
99.940924
100.0
100.0
99.550711
100.0
99.985629
99.983582
98.282637
99.928851
99.941345
100.0
99.951704
100.0
99.993991
99.963765
99.990444
99.747309
99.983689
98.714235
99.859098
98.377887
99.517946
96.827062
98.053751
97.273386
99.006701
95.490389
97.480946
97.240508
97.479065
96.918437
96.042219
95.186404
98.993406
96.251395
98.615307
98.556404
97.476968
99.733514
97.239036
99.880181
100.0
98.293025
95.622664
99.111841
99.30267
97.074619
97.808126
97.487584
99.82078
98.825735
100.0
100.0
99.938294
99.443411
90.503441
99.203319
