21.470026
43.329192
48.949344
51.518707
50.683745
51.730563
49.677283
49.923928
50.539584
47.339309
40.890004
38.205045
41.758961
39.538535
37.827919
39.016354
37.092586
38.660742
36.563464
42.313291
37.489328
36.123149
37.939575
39.302394
35.215656
45.110737
43.577107
40.156788
47.544614
49.52833
48.204264
51.054393
42.472685
41.477266
42.223185
42.325562
42.645886
47.512562
53.201397
55.239957
53.211837
48.913849
42.591962
36.783823
33.829471
37.476519
40.013186
36.888701
32.114146
35.293998
36.491809
39.838074
40.46182
36.690868
39.021243
39.002269
41.818369
41.733709
44.602985
40.424138
36.706601
36.636814
35.949209
38.728226
40.271034
39.095967
39.376109
38.95172
39.725741
41.235949
43.405526
44.790037
45.369522
43.618214
44.718772
45.476739
43.806383
42.478899
40.632745
38.455428
39.099318
37.88385
35.293251
34.937779
35.566318
34.260426
35.900319
32.755132
34.713936
35.477339
34.361167
34.652139
37.780417
37.537294
41.848791
41.881095
44.936639
48.945573
40.406668
34.689826
32.209417
32.574177
36.559397
42.679873
42.679315
42.542275
42.987555
46.653607
47.733216
39.352987
39.428207
47.356527
48.326312
48.548343
49.330055
43.293104
35.876894
38.563789
40.986513
