41.361272
62.881847
69.595026
71.611438
70.673095
71.708067
69.25117
70.883918
71.143996
68.132282
61.016031
57.179031
63.88549
61.823438
59.319559
61.668454
59.958963
57.933989
58.607873
63.524903
57.005508
58.963536
60.302996
61.355057
59.860746
68.012741
67.065487
61.875947
68.137945
70.886285
68.799293
71.628205
65.603165
66.286362
65.896026
66.249536
66.422435
68.477457
71.428991
71.622802
69.814211
67.801109
65.580298
60.031143
58.559598
60.877132
62.467489
60.301922
54.886614
58.213041
60.789454
63.559536
63.850232
61.612297
63.398058
63.333529
64.476868
63.011334
65.771244
61.901168
58.839149
58.047678
58.470493
60.472595
61.881293
60.956035
61.627174
61.443786
62.258992
60.272574
66.47992
67.225873
67.804197
66.341175
67.235523
67.776125
66.68396
65.51592
64.030194
63.104518
63.027901
60.375761
55.804316
54.85276
54.22781
56.147634
58.097427
52.711518
60.402973
59.104265
56.297121
54.207481
62.53102
58.469567
60.662832
58.563742
66.386567
69.223586
61.171808
56.270936
55.111644
52.785558
58.356863
64.545629
62.90298
62.151209
65.830017
66.834588
65.708033
58.580503
61.034105
69.233181
69.88222
69.629933
70.110431
66.383362
60.587147
61.800988
61.666035
