69.827612
84.128347
87.057875
88.272283
86.519279
87.627984
87.481715
87.715653
87.567283
86.049393
84.549586
76.499735
82.456362
78.548446
83.27779
82.963269
83.996047
83.683809
81.655471
84.754031
79.645636
82.841931
83.922201
84.108122
82.631356
87.030668
86.57394
83.607247
85.215433
87.798203
86.487045
87.979807
85.772829
86.784769
87.043965
86.699657
87.08793
86.595321
86.355321
88.781649
87.873778
86.479207
86.020034
83.094888
80.853621
85.227114
85.174164
82.768449
80.470498
82.286023
80.76244
85.07811
85.664794
85.085258
86.485709
86.461229
82.477176
83.379171
85.622376
84.022906
82.321874
82.034749
82.632828
83.615557
84.40037
84.436649
83.925913
84.581103
84.72265
85.210948
85.940318
86.496895
87.08308
85.815874
86.75744
86.992221
85.948972
85.697723
84.878093
84.90329
84.975149
83.773189
79.269457
80.72078
79.940812
79.434402
82.328682
81.997422
79.071622
82.079189
79.540708
74.058296
82.742003
82.174719
78.170821
81.382768
85.031699
85.802606
81.965183
78.992868
79.899217
74.954088
80.425818
85.234915
82.566611
77.940126
86.254746
85.073577
83.17169
79.313357
80.685008
87.539767
87.280436
85.596379
86.925118
86.74299
83.771852
66.911759
84.895056
