82.695986
90.112997
93.938235
95.161235
93.615724
94.685409
95.246171
94.890967
95.061536
93.548338
93.347132
83.496435
95.042038
92.042986
88.191574
92.164912
93.470759
93.160998
92.065107
93.656828
88.99859
92.423712
93.074555
93.152344
92.013178
94.549953
94.086264
92.023712
93.979003
94.985019
93.944366
95.573826
93.212853
94.645828
94.593837
94.560808
94.292193
93.489955
91.782532
94.853034
94.333027
94.034113
92.969578
91.848164
92.601599
93.411715
93.478973
90.31631
90.323053
92.09576
91.689575
93.349606
91.906391
92.571255
94.631499
94.641652
91.925834
91.259969
93.826529
93.312119
91.177525
92.236355
92.46209
93.305623
93.235853
93.427584
93.146253
93.793824
93.882173
94.22398
93.577231
94.133298
94.115984
93.603237
94.278254
94.583472
93.667435
93.681814
93.315007
93.537326
88.708447
93.743377
90.43721
85.407008
87.634385
89.075369
92.763348
86.632567
87.479227
90.944071
90.964819
82.297334
91.33155
90.74779
85.640105
87.016533
88.419213
92.988997
93.438575
88.403649
90.377798
87.666081
89.454528
93.79235
91.039901
90.636888
94.126892
92.730965
90.898245
91.293751
88.065577
95.390777
94.794666
94.724586
94.891382
94.445583
82.511536
84.766839
94.501596
