54.230672
44.077211
47.26203
55.500016
75.147853
67.943526
59.621674
53.115692
50.273624
61.40524
66.738245
65.07926
66.97538
68.941517
68.934441
67.693404
47.475391
67.548761
61.127925
75.595195
75.897616
75.091425
74.542779
74.423426
74.556175
75.305176
78.216369
68.200725
50.77762
58.883828
68.096396
73.557112
73.793077
73.643119
75.243839
72.964585
75.218452
62.255814
58.346044
58.634681
59.207822
59.843524
59.431688
62.341679
62.915404
71.591352
68.319061
66.957099
64.724245
70.878754
60.371361
71.512123
77.529516
