63.704348
36.992408
62.879069
70.902988
75.652035
80.912592
80.888057
76.71863
64.137203
57.765437
73.79504
80.575291
83.271511
83.958085
84.046318
81.139115
62.154315
83.88876
82.349173
90.22487
90.674904
90.844946
90.655252
88.663928
89.030532
89.391151
90.236059
81.712612
66.697925
72.763783
86.687319
88.211768
88.687477
89.519114
90.747885
88.402758
90.557952
83.348895
80.077893
71.071841
63.362293
79.035443
79.051787
79.673425
77.706452
88.38978
82.201417
82.318702
80.027235
78.668834
69.630355
61.369376
85.897017
