70.270104
41.624511
67.119789
73.241969
77.233277
82.511089
84.229032
79.514394
66.11315
60.19584
74.401018
81.128626
83.861649
84.443046
84.429185
81.609928
62.937175
84.409507
83.245346
90.829393
91.320447
91.423024
91.108119
89.303883
89.744903
90.068894
90.864335
83.610328
69.987836
76.044976
88.384271
89.115974
89.365894
90.564048
91.376837
88.956971
90.983551
86.302362
83.26296
74.225794
66.708962
82.960382
82.936606
82.580197
79.072815
90.146431
84.021368
83.671973
81.564402
79.578484
71.558213
62.305783
86.5458
