75.17851
51.270067
80.066831
83.859359
98.453584
93.350511
82.943402
87.754457
75.572813
68.207952
88.599953
91.280872
92.149899
92.835791
93.126819
91.456682
79.11046
93.258872
92.748615
97.725701
97.544581
97.656625
98.343934
98.178733
97.327999
97.152467
94.636959
97.139066
95.776781
91.944002
98.033961
97.315534
97.854786
97.916353
98.282645
96.050566
96.292337
95.163959
95.705468
85.283078
95.843598
94.858542
96.050438
92.274867
87.563868
94.377465
95.75874
90.823974
96.264458
91.379151
79.330969
72.663503
97.253801
