90.761076
96.358274
87.535946
89.435011
86.026397
79.753093
81.027422
98.643027
84.983531
97.363898
78.681575
88.613656
94.960247
66.930941
76.761332
72.350597
97.357881
79.742478
88.994715
98.796901
86.714731
94.68245
94.536206
94.494932
76.80329
94.171438
94.168664
72.768311
90.021586
97.800582
86.001459
86.380561
69.397558
98.502925
93.585452
75.522458
97.247481
89.940808
87.641485
72.627165
95.613742
86.132687
97.150657
90.909764
69.27429
93.695572
81.602605
85.015285
93.666079
85.767051
97.803734
96.985303
88.129584
81.283826
85.0395
97.125213
90.40465
72.841452
92.702055
93.665694
68.138719
73.135693
83.315946
91.379647
89.637414
96.75816
88.825784
82.89242
91.322125
86.471645
64.778538
98.435651
