34.104837
26.309654
38.165661
29.047916
41.744252
24.485199
29.129113
42.681272
31.430046
25.940715
38.22729
30.860931
19.818411
25.569059
30.86173
26.127517
34.512737
25.378713
33.439582
46.514282
40.633488
32.672303
39.365948
32.240101
43.911233
31.467227
32.46883
30.345377
48.051898
43.263829
24.577054
31.907632
29.403083
50.576065
35.282269
32.742795
38.903439
35.793329
32.325005
23.423735
28.898054
31.665879
34.879107
37.5127
33.767443
36.517646
33.695972
31.668375
34.653313
29.247599
31.157518
35.142478
45.964142
37.552625
47.431202
31.159129
40.936684
27.010373
34.389357
30.491477
41.095077
29.921127
34.945694
35.269544
36.534888
38.221599
22.18824
34.476609
28.086971
25.029011
24.239702
51.624288
