63.511857
46.481744
62.446107
61.255463
71.581774
50.259323
51.355976
69.038077
64.332543
65.076361
58.527147
57.410728
45.723834
46.488688
54.192315
51.022569
63.031307
58.818306
62.862999
73.753415
69.177752
64.200231
69.546649
61.944831
55.966806
64.446252
62.425681
50.597895
68.423771
70.08334
47.605766
61.271246
50.571518
75.176807
61.198524
54.648787
70.235521
58.995357
59.311252
50.796959
61.68133
60.500348
67.027102
68.650445
57.863889
61.816909
51.702572
55.59688
63.952173
56.730239
52.604568
60.915587
68.872634
63.47039
64.307601
56.201552
71.981784
49.716459
61.630839
53.086808
62.454043
52.539112
60.701379
62.047858
67.682943
68.785723
56.923686
60.007708
62.400591
49.188144
52.242783
80.201912
