72.294826
57.556019
65.672124
74.485991
72.543008
61.930661
64.501171
80.385202
78.736935
79.587506
84.242744
63.871827
57.439925
55.733477
64.423948
61.197857
73.171756
77.799008
73.81309
84.638632
80.736978
79.673389
83.809034
76.288938
78.881481
77.366114
75.174446
59.933384
85.022415
82.099827
70.870409
73.255331
59.823485
73.989866
73.470301
63.580911
82.30622
71.190677
78.72084
58.352815
75.056261
72.305191
80.857674
81.192696
61.129763
75.292478
82.924366
67.024984
76.988457
69.606327
62.267656
69.664195
78.7901
68.210098
73.990053
83.888216
84.24813
59.848861
68.470248
76.947094
70.882174
61.995144
71.617128
74.255654
74.363556
81.630792
73.092908
76.649633
74.260542
59.264009
53.472981
89.074532
