81.273172
87.664475
81.06658
82.312293
90.061129
70.257611
70.506385
84.558116
75.837115
89.286263
74.758184
75.506473
64.257789
60.923036
91.171495
66.455578
88.901439
77.905661
80.956802
90.773662
86.730562
88.302414
90.17973
85.155714
67.890123
85.012907
82.675268
64.614916
91.498648
90.021584
64.685879
79.597764
90.233047
92.102334
79.880387
69.527981
89.930268
80.994217
76.920354
64.46168
81.866102
78.64753
74.826355
87.428361
68.276709
82.772314
90.268502
74.340866
85.707586
77.453058
67.644997
77.51447
81.59948
74.252381
79.613564
72.56183
91.509558
65.364837
74.211736
87.770562
61.427003
67.081955
77.285151
80.321468
88.388978
89.131611
83.334817
84.691108
83.8757
64.305864
76.34856
90.85707
