86.748893
57.739928
83.474261
75.838605
78.584806
85.618031
75.226919
68.067095
58.986246
82.639977
48.857634
73.385432
72.841975
85.920015
81.75014
87.165251
87.506994
60.934885
64.168357
72.93609
51.52551
32.711716
41.363892
81.025661
80.956278
82.257735
70.677644
80.768603
82.460636
88.874526
59.858465
34.960252
62.734846
66.804767
65.287642
67.844768
60.904302
70.986019
68.350959
62.0528
57.636279
57.457855
63.238577
71.401749
72.435454
69.245486
65.614832
69.70035
58.672536
74.394796
67.374257
62.769946
81.876232
92.983698
