88.687706
59.877989
85.966175
79.855371
82.547706
87.911768
76.789679
69.603432
59.970331
84.209737
50.989228
77.600496
74.737227
87.983901
83.992246
88.462523
89.442932
63.800618
67.786839
77.65349
55.672119
35.423494
44.447194
84.05413
84.000818
84.768868
73.724952
83.49124
85.303752
91.217747
61.565984
37.002392
67.691398
72.731107
71.295801
74.589158
68.108312
77.199074
72.561733
66.1684
62.035494
60.806679
66.815343
76.434138
77.554291
75.350403
72.961697
75.928551
65.240096
81.000801
75.153846
66.035278
83.449257
93.150923
