98.560213
98.90564
98.742738
98.868865
98.946133
98.88682
98.78996
98.925803
98.76805
98.932722
98.942579
98.882173
98.665075
98.937575
98.811939
98.953695
98.915603
99.017308
99.03603
98.928991
98.955123
98.886788
98.885777
98.858183
98.91103
98.904964
98.933031
98.977945
98.995598
98.840606
99.000788
98.980074
98.919563
98.927791
98.921192
98.863953
98.923136
98.960822
99.026005
99.04139
98.991835
98.878186
98.881848
98.866867
98.869537
98.883265
98.958386
98.973625
99.003652
98.98557
98.969142
98.757439
98.246586
97.606508
