40.707755
11.961044
33.907773
10.976718
16.504059
23.511489
21.958584
15.263755
17.582929
16.007683
8.111104
9.579489
16.530485
35.730164
23.785832
37.802816
37.074176
8.41251
11.031407
12.856892
4.348134
4.13368
3.133599
21.214645
16.667354
18.810438
17.464613
19.984898
15.349395
26.614276
14.206069
7.972223
10.113336
8.198372
3.606507
3.443739
3.902333
9.647759
14.142894
13.194141
7.943891
11.518317
8.80259
2.735174
5.668518
6.665093
3.490703
7.094479
4.459598
11.897227
3.540572
5.224939
24.233405
37.784038
