53.995166
21.202831
47.695793
24.30834
30.742499
37.542872
38.38674
26.530691
30.820921
34.071103
24.39301
25.04128
32.648396
49.188153
38.047739
51.382844
48.904378
18.28265
22.042684
24.88592
12.754852
12.938443
9.215789
34.841995
30.351505
32.838841
30.583322
36.026516
30.209712
43.023204
28.484889
20.266614
20.173001
17.496284
11.112133
12.346901
11.399537
20.864359
26.009063
9.897597
18.828736
16.869887
21.818521
8.833315
12.795066
16.173054
9.400995
15.614719
11.651414
22.307524
10.177455
15.035578
38.086155
51.949661
