67.866757
36.594378
64.697988
46.031046
51.920134
58.535757
56.002948
43.62831
51.888311
46.878568
50.405011
46.299892
51.611915
67.244061
56.267089
67.231851
58.571559
33.792766
37.914476
30.206121
28.534132
20.792814
22.355425
55.8164
52.015018
54.450146
37.725978
47.963335
54.795933
59.525934
40.287663
27.947748
31.599837
36.222755
32.143607
32.04289
30.334909
40.934891
46.080299
21.005941
26.395342
45.970462
43.147617
27.418937
36.827977
37.299272
28.944702
36.973114
31.364582
42.241099
30.74997
32.986896
56.671298
69.651892
