63.625395
31.656759
58.194731
38.949372
43.61037
53.239825
52.170135
39.707115
47.421488
42.636275
41.752072
39.178674
46.319872
61.584963
50.834416
63.813188
55.398574
29.322252
32.463312
24.934669
22.198506
15.599449
17.396783
48.743813
45.421099
48.288318
33.386039
43.645287
47.89801
53.80553
35.842794
23.141761
26.199523
27.998164
24.293461
23.016382
21.276628
32.42035
37.837501
16.379217
21.046914
37.688907
34.70142
19.953682
27.884785
26.515814
19.593135
26.739815
21.670292
32.345187
20.785327
27.390959
52.904873
69.308061
