74.446054
43.582547
71.409665
57.143153
61.284968
68.523065
65.178465
52.12108
61.890307
68.763002
61.255265
56.573229
52.149649
74.938046
65.622014
75.872837
76.212691
42.48873
46.804335
45.722623
36.390841
45.657368
29.151486
65.015551
62.152907
63.982009
60.482138
55.970629
59.663712
65.358914
51.788607
35.608058
34.15268
31.477644
43.855001
43.327902
40.184851
48.926101
51.367023
31.523349
44.797421
56.934835
47.144656
29.370674
46.985353
48.213349
40.267279
47.699123
41.469937
51.663436
41.096234
40.742116
66.192072
79.652215
