80.718216
51.027235
79.00455
68.302841
72.51975
75.005243
66.148811
59.747945
67.871469
66.677008
59.12842
68.340087
67.727596
81.500962
73.541643
79.27954
80.851166
50.93938
57.041152
66.853054
46.9557
36.292647
37.246501
75.476648
72.145092
73.524049
63.435386
71.120234
68.639816
76.167994
55.341058
50.397949
49.346678
33.444776
59.120532
59.799467
56.570395
64.192791
62.685614
41.074215
54.735491
61.57332
64.955269
63.292162
61.811673
64.085502
56.855087
62.074803
57.714619
68.897621
55.996608
52.033132
72.275534
82.233388
