68.085355
82.936944
79.559782
83.837693
84.855041
84.858851
88.484331
80.209661
84.301399
81.306305
75.097545
70.382191
83.844283
84.44785
80.115871
83.297226
80.760235
77.972766
78.339
82.207908
82.025319
80.277977
73.893366
81.416079
74.27137
84.30422
83.354321
83.881895
81.708372
81.552659
76.62078
67.789554
72.099346
81.04242
78.429471
72.447248
78.396885
82.842928
79.842816
80.492708
74.284132
79.303439
60.846013
63.673355
82.627161
84.393653
80.795683
83.760415
85.035531
77.257502
78.179413
80.559753
78.964679
72.842189
78.625723
78.658939
83.379066
82.65167
80.640554
77.411954
69.156277
68.597429
81.632018
67.570627
81.503994
84.034619
83.260978
84.295971
84.483643
79.428921
81.447333
77.069848
62.19035
64.775329
86.850247
89.460414
92.150072
92.571023
92.654975
