70.257788
85.173608
82.604708
85.695651
86.263929
86.298745
90.288851
82.304831
85.986291
82.85323
76.475743
71.501555
85.581025
85.876653
81.328472
85.139506
82.584157
79.706441
80.204659
84.311593
84.230682
82.646394
75.820397
83.648871
75.995035
85.597057
85.159296
85.888732
83.961686
83.173794
78.280582
69.392531
73.7894
83.176412
80.546839
74.278457
80.531858
85.542807
81.890115
82.241497
75.734681
81.177388
62.590607
65.03164
84.595305
86.387994
83.210917
85.505488
86.560569
78.603117
79.689775
82.527189
80.900278
74.422701
80.596063
80.571479
85.342322
84.733491
82.671567
79.388264
70.821531
70.177212
84.422663
69.096371
83.526028
86.073802
85.449065
86.006908
86.3235
81.261423
83.188122
78.846533
63.878463
66.338376
88.523554
89.639357
92.456364
92.654908
92.706307
