98.896399
98.885949
98.926999
98.637445
98.755205
98.359905
98.635516
98.826771
98.747616
98.69991
98.555328
98.584264
98.812388
98.31174
98.372685
98.908383
98.901262
99.000145
98.908088
98.96887
98.957886
98.930797
98.968876
98.903583
98.853549
98.181581
98.66064
98.960157
99.031849
98.351512
98.6739
98.952258
98.971431
98.88098
98.852333
98.981002
98.984758
98.968595
98.983626
98.973212
98.934929
98.954227
98.912419
98.925205
98.843896
98.899609
98.914395
98.99784
99.028185
98.988915
99.03835
99.011539
98.963806
98.986234
98.870514
98.856541
98.846145
98.965027
98.860815
99.019989
98.927224
98.978154
98.987432
98.811441
98.826985
98.774019
98.831344
98.831643
98.907399
98.924391
98.655656
98.923135
98.892055
98.934337
98.375891
97.526452
97.428595
97.428227
97.428111
