14.075118
15.190475
9.541802
13.146563
19.049391
19.537038
25.127276
16.532254
16.216393
15.309954
16.471979
15.148664
15.446199
18.073494
19.7474
15.374741
15.361208
15.60362
15.102735
13.639692
11.194393
14.53843
10.400167
15.47761
16.0601
19.472831
18.506748
14.780947
16.05412
17.845505
14.792866
14.351855
11.666444
13.206611
12.41665
14.234783
14.542248
11.448906
13.273117
14.696442
13.302737
15.680032
10.255107
13.894323
16.545204
15.894789
15.70337
16.396439
16.155951
16.704632
12.823296
14.138068
12.521734
13.71106
14.922238
14.14124
13.406233
16.555661
15.9151
15.116984
14.390099
13.119936
11.007666
15.178295
17.55753
18.415363
16.912363
17.027053
17.568886
16.209895
20.631083
16.001468
8.785974
10.366434
17.193481
19.914069
39.08723
39.524118
39.637702
