25.107194
30.717599
21.120133
27.95959
34.009487
33.923387
40.486248
30.572186
32.168792
30.952707
30.714852
28.327409
31.144506
31.764398
33.778125
29.743103
28.636209
29.224454
30.087538
26.179619
26.476381
27.63803
23.432366
29.76323
26.601052
34.681577
32.543898
29.431978
29.613657
32.497614
26.469866
30.248849
22.442898
23.939647
25.513569
26.920213
28.478554
24.158705
28.04176
28.583755
26.143268
29.257236
20.939001
20.534324
31.12846
30.218802
28.787592
30.579112
31.031844
30.178372
23.918056
25.464384
21.71648
22.082427
27.678915
27.934576
30.043191
30.307135
30.153048
29.382478
24.142336
24.756431
22.046535
25.860252
28.308083
33.16663
30.029582
31.291998
31.837888
29.502389
34.224721
29.861035
20.319481
24.123906
32.239458
35.600567
54.052267
54.091817
54.092847
