41.267933
42.803157
44.119481
50.844083
54.430299
55.240942
62.477358
51.598565
49.806182
52.319055
51.451839
53.097346
44.12401
52.002723
54.388463
50.511565
48.874889
51.511834
48.095238
46.108174
46.44202
38.981145
40.797206
49.739931
50.701469
55.770157
52.990484
50.384496
50.489824
52.649289
43.925861
44.957516
46.198113
51.994595
45.426482
48.271931
49.885926
48.231903
45.544894
49.789007
44.911771
49.338468
36.460874
38.52608
51.362684
51.963895
49.295836
52.45608
52.187745
51.049583
44.945602
40.571098
43.76225
44.694848
47.442739
48.958109
50.861733
51.140872
50.651042
48.158317
42.947845
49.195784
40.36453
48.605754
51.054882
53.403853
50.361418
52.058734
52.279492
49.824895
53.752399
46.487853
36.942525
45.156663
54.640019
59.671246
69.59028
71.359838
71.400219
