36.462229
39.36396
37.643125
45.931616
50.475136
51.206418
57.740366
46.660176
46.206356
48.549996
47.848505
49.635763
41.146199
48.609803
50.677252
45.999898
44.290539
47.247836
43.879765
42.368806
42.575139
35.843998
37.753868
44.819422
46.089749
52.365497
48.71081
45.569773
46.004009
49.35973
41.008887
41.42586
42.109459
47.186309
41.206028
43.384615
43.665979
42.356727
41.045615
45.396847
41.721745
44.790554
32.342974
35.085243
46.965831
46.512461
44.390315
47.490955
47.596785
46.519749
41.697882
36.790856
39.617899
40.350559
42.80441
44.573287
46.129611
47.048882
45.431048
44.188461
39.242765
44.877718
36.148592
44.586575
47.390835
48.281341
45.828877
48.017371
47.900223
45.451921
49.277217
42.278771
33.899195
40.84545
51.2488
59.08794
67.938716
71.099835
71.197875
