51.674622
54.623905
56.60173
63.626703
66.183737
66.621454
64.116743
63.186577
64.275767
64.196267
57.807259
63.408632
63.821656
65.825075
65.264156
63.22315
61.343595
62.483653
62.463256
62.352835
62.053537
48.003146
50.532326
61.315998
61.209589
67.028311
58.863478
60.559278
62.039797
63.224791
57.331677
62.83127
56.528941
59.876112
55.1243
57.507766
60.685762
59.795105
59.65886
56.819256
56.949709
60.590408
45.645369
48.642018
62.722405
63.945777
60.651536
63.71423
60.68174
59.437758
55.244005
50.303314
56.554113
54.965467
58.832766
59.877713
62.017042
62.735822
61.672184
57.440444
54.725327
58.434121
60.481067
60.027098
62.952591
65.273844
62.39294
63.680584
63.432997
60.763168
67.554925
60.915782
49.247525
52.637571
67.83449
72.929936
79.16386
79.92952
79.946157
