59.561406
60.916599
67.977365
71.763384
73.30914
73.048847
79.245125
68.562747
66.805183
71.020735
61.687418
62.550337
70.901491
69.870495
71.683234
71.309548
68.686302
70.281082
70.97776
70.454374
64.99931
69.144602
58.713592
68.893642
69.699981
73.224163
71.556438
71.639098
67.244395
69.882176
62.492203
70.516473
63.601071
70.182709
63.419808
66.643274
69.49047
70.177841
67.972638
68.897105
70.314502
67.856917
52.052396
54.477743
71.335102
72.186607
69.365208
71.363762
70.337765
66.870003
63.984487
61.041947
63.692556
55.64897
66.368253
64.54091
71.196472
70.061801
69.231475
69.066871
57.667203
70.23952
58.603715
65.906551
64.625154
72.685954
70.952762
71.683407
71.289633
68.388943
71.251987
68.127277
60.972983
59.823137
74.071548
76.975178
82.270869
82.373603
82.356389
