97.693691
90.892815
99.707881
99.988123
97.574515
98.563788
99.987542
99.269025
76.53066
83.192583
97.874621
93.645356
97.862286
99.315683
97.252167
97.77235
99.966227
99.318927
80.168724
99.925179
98.218354
92.712863
95.505874
97.983076
99.935088
99.445744
87.590232
96.413174
99.232548
99.87756
93.86107
94.400128
96.225653
99.403828
90.212448
98.024113
91.872923
95.103923
99.671936
99.550908
100.0
99.717877
96.599215
95.768492
99.562034
90.729704
96.85589
98.651405
99.955918
99.737882
99.218607
99.81411
99.995567
96.907527
98.323747
100.0
99.994172
99.829285
99.159664
99.922856
99.791403
98.06685
99.110192
95.558963
100.0
100.0
100.0
100.0
98.423932
100.0
97.037667
97.693046
99.925412
99.947531
99.974099
84.915145
96.001658
87.132983
99.999227
94.11309
99.977016
97.922264
99.20731
99.82643
94.988168
92.605037
99.999777
84.89181
86.00162
96.839076
98.906346
96.542341
96.39089
99.722538
90.811446
92.681293
90.903808
98.75613
99.800099
100.0
97.794958
98.540834
99.985644
100.0
