98.40612
91.078983
99.71358
99.98862
97.608019
98.591439
99.988509
99.278856
77.751244
83.54307
97.891699
93.664287
98.151134
99.334265
97.314731
97.804108
99.996928
99.5611
80.183185
99.959966
98.306285
92.77691
95.760204
97.991616
99.997741
99.454043
87.682138
96.479881
99.246138
99.882534
95.149973
94.510421
96.449693
99.879549
90.601786
98.106622
91.919109
95.334498
99.685468
99.55698
100.0
99.73332
96.678027
95.858182
99.570659
91.739977
97.362401
98.672989
99.957528
99.739801
99.626121
99.902033
100.0
97.503389
99.104664
100.0
99.997757
99.844514
99.159664
99.937967
99.7923
98.129041
99.162698
96.029427
100.0
100.0
100.0
100.0
98.472691
100.0
97.087622
98.172492
99.987623
99.998617
99.999192
84.959566
96.008482
87.190138
100.0
94.185383
99.979441
98.101515
99.58003
99.828599
95.849058
93.657365
100.0
85.284079
86.222344
96.85935
99.334884
96.559476
96.98434
99.818403
90.919011
92.69056
91.050581
98.788912
99.802106
100.0
97.911849
98.669241
99.989423
100.0
