24.210353
45.424425
39.427344
24.717808
27.007819
50.029127
57.807744
49.498164
19.010073
31.495618
45.016247
33.169798
30.405368
24.880432
41.360158
38.945281
49.89063
37.825858
46.091094
44.226333
46.561436
41.503558
35.84031
51.877812
61.075875
65.597633
49.10757
42.720159
56.430357
50.824594
34.657071
28.494768
64.120831
30.427996
35.988277
51.474504
35.180763
63.483247
50.11957
58.172168
62.933865
66.955581
48.619046
40.919561
62.744782
24.245071
56.866529
58.524442
71.546638
84.451035
46.817144
40.13439
47.202943
32.356235
29.702516
48.598204
50.889925
42.949876
43.431012
85.081206
64.15696
70.616111
70.247364
38.664923
55.339531
54.466595
48.430006
58.709942
59.406692
61.358284
51.391515
43.355331
43.420848
37.485473
39.378326
59.72417
78.43028
57.06656
60.552929
62.560763
75.024581
46.668469
42.3205
56.379099
33.298601
28.968889
48.852801
32.654107
55.614551
65.877312
41.61017
52.991777
26.722762
39.349531
38.480499
60.946365
56.44418
53.163502
49.030993
14.301611
69.182204
39.493059
44.425902
48.042865
