44.641926
64.197731
62.937909
51.402797
50.304089
69.149277
75.226815
68.134162
40.721616
49.769445
67.179296
53.403782
53.570282
51.961547
62.021656
60.508817
69.247705
57.475686
67.209625
61.453418
64.851835
59.318502
53.956311
77.647454
76.329173
78.27892
63.922679
63.390962
73.902387
71.810051
59.386353
47.129533
77.404199
49.942223
54.752006
71.773793
58.5773
76.581164
68.511802
75.449959
78.709286
82.417131
68.925097
60.085771
78.838037
42.696172
71.418721
74.986528
84.76414
92.364264
63.5072
59.331908
59.825579
32.11696
51.037784
69.06719
70.362036
63.29865
63.561176
91.7937
80.868954
84.21602
83.7869
58.980732
73.921723
73.069181
68.433671
75.898301
75.793291
77.991519
71.52656
50.04571
58.418552
58.385908
63.046259
70.930578
89.288732
73.792332
74.140055
78.318584
86.982787
65.232399
61.965055
74.880177
57.470721
47.64738
71.395356
43.321821
69.892227
78.61258
57.981042
69.063687
49.401841
59.870621
50.035554
71.264914
72.287139
71.170092
62.808138
42.191022
77.851685
63.213877
65.814931
68.196914
