68.629245
67.154019
84.558647
78.45353
76.67716
85.438099
90.403905
84.40427
61.996204
67.767643
85.912809
77.685873
76.773867
63.973463
82.467535
83.331705
85.651379
78.567274
66.722403
77.233973
83.173223
79.70721
74.444998
78.504922
89.636753
89.663588
76.767186
81.999608
90.012138
87.497509
70.383019
78.156227
86.386616
75.933256
69.49487
87.049945
79.537004
86.462159
86.758647
90.308261
91.746275
94.004305
86.430534
79.926964
93.111329
61.715031
84.258856
89.171045
94.545611
97.575583
75.953021
80.467719
66.3023
38.427722
69.785249
86.331144
86.229411
84.307176
86.126691
95.288146
90.791748
94.696112
94.674036
75.936736
89.522044
89.137404
87.034134
88.420863
91.041245
89.476483
85.025606
80.068025
85.546161
78.916595
82.974541
79.850006
94.225186
88.285754
85.379458
85.20366
95.293243
70.795076
80.4948
89.797912
71.372776
66.976188
85.054864
52.451265
87.251509
90.186942
76.414681
72.859505
70.6883
79.782098
86.672754
88.75439
86.547469
74.9436
86.761692
73.887151
85.179758
81.332063
83.57376
84.960708
