74.371326
70.299477
85.843739
78.647371
77.955689
87.570605
91.045549
87.922226
68.55339
69.289857
86.675828
78.357325
79.339192
65.95123
84.243287
83.894178
87.624882
79.751959
67.170353
80.382848
85.271214
82.626095
76.957574
80.335234
91.087914
90.938377
78.494629
83.140692
90.32302
88.119617
80.264855
82.960678
88.794499
81.841916
71.92096
89.927857
81.925349
88.132563
87.544893
91.082613
92.294981
94.963193
88.128769
81.8134
93.834582
69.617304
87.860941
90.430203
96.080723
97.964814
78.554522
83.50336
67.838001
41.60334
75.987328
88.037088
87.935065
85.38093
86.500047
95.4439
91.369734
95.832709
95.701875
80.850752
90.02911
89.72777
88.2737
89.320722
91.849134
90.049671
88.282841
84.129993
87.385832
81.421452
84.860126
80.427964
94.924136
89.884154
86.534505
87.134518
96.135677
72.450244
83.041626
91.417799
76.15676
71.070927
86.338366
54.051194
89.712403
90.910753
79.248158
74.604137
75.645816
82.822945
88.569045
89.567343
89.673744
76.527482
87.260299
73.904789
86.094068
82.855609
84.654411
85.358412
