85.908533
92.685432
88.389755
90.634146
88.564485
94.150682
96.901066
95.656213
80.146093
76.961432
95.169595
87.123452
82.7849
90.186756
92.813097
92.654736
92.925596
90.425806
86.481268
93.843741
93.070587
90.7321
85.258779
95.229255
96.183457
93.961203
83.940755
90.343453
96.337592
95.680239
87.494559
91.197638
93.291672
81.955285
90.451592
59.185226
76.989901
94.745074
94.011398
96.875101
97.311924
98.26716
95.020148
89.638995
96.842965
81.156107
92.889795
95.879521
99.371335
99.394677
90.692912
92.737885
93.464795
88.788495
86.350044
94.892994
94.040411
93.152151
93.602224
97.522792
98.471199
99.249629
99.188886
90.130064
96.637121
96.451324
95.19267
94.939759
97.119557
97.343289
94.76491
89.13317
94.118955
89.993737
92.850591
84.50548
98.965554
89.379898
91.084343
91.329371
98.254535
88.793388
91.024512
97.07141
84.376955
81.073258
91.668598
58.77277
93.948763
94.490764
88.93405
79.700801
86.227383
91.810767
86.444939
89.474778
80.897658
96.357008
87.977133
88.971709
90.857376
91.434271
92.431067
92.680022
