92.206093
88.745194
90.592117
93.414963
91.695449
96.44198
98.408995
97.335097
88.024883
79.522419
95.58436
88.556437
93.712169
95.110819
95.393183
94.73419
97.161976
95.189411
96.90944
85.911383
95.634478
93.858653
89.390009
92.330071
97.950553
97.143518
85.963485
92.029208
97.676627
97.433894
93.795029
95.346654
96.953999
87.821931
86.992722
69.477454
79.448863
89.81567
95.979844
98.277222
98.63832
99.157869
97.375288
92.267153
95.882926
83.480622
96.250436
97.52693
99.826474
99.397011
94.523701
96.105794
74.469756
93.667593
93.159445
96.770294
96.612292
95.480848
96.675576
99.850023
99.828352
99.625865
99.764115
78.60625
97.941709
98.049923
97.452376
96.247401
98.425674
96.511925
95.580256
94.881343
97.22067
94.602362
95.840763
85.165329
96.628599
66.05876
97.006868
96.709653
99.089825
79.996996
94.23007
98.895587
73.812371
86.480861
93.516467
59.828386
75.740423
95.732303
92.584708
94.599091
92.699424
90.541726
91.672673
90.51064
97.568299
97.366051
96.712336
92.153905
96.583524
92.59041
94.423228
94.503609
