92.669694
86.051685
77.303961
74.898216
90.722258
89.042368
88.63552
76.050755
70.637074
84.321461
88.238452
91.654845
90.503597
90.889616
86.95156
88.883428
89.109031
89.12107
87.181471
73.411798
85.925695
86.032774
82.766815
91.080206
78.708883
77.283486
73.196092
68.950479
87.467511
89.671276
79.292545
76.324538
72.087361
90.97628
74.350687
89.200614
87.860071
87.36403
81.551678
85.7622
90.671328
87.777292
89.813431
88.983728
88.864797
80.378932
82.250656
88.418862
86.396399
77.483785
90.011527
86.862605
80.625284
86.044476
82.012943
83.438661
90.08088
76.522954
88.118733
92.234131
89.583566
90.939878
