92.80197
86.544965
78.167207
75.961352
91.725141
89.757409
89.652473
76.948712
71.538355
84.984741
88.779139
92.340388
91.108981
91.590955
88.28975
90.10928
90.057936
89.881134
88.489504
75.063246
87.540004
87.110077
84.01499
91.521853
79.726536
78.374723
74.335305
69.419912
88.701865
90.684911
79.940523
76.881858
72.627572
92.213733
75.118489
90.288218
88.499403
87.92031
82.50036
86.865697
91.811417
89.564503
90.847582
90.801429
90.332744
81.470989
83.773385
91.070904
88.180202
78.543093
90.879161
88.119425
82.280102
87.63788
83.042618
85.390248
91.053191
76.920177
89.007587
93.188041
90.823684
91.942244
