25.556397
33.575737
14.132304
12.312931
21.501598
22.712463
18.31
12.69096
15.692743
24.918793
27.860969
14.023057
12.312078
14.555138
12.454994
17.318404
17.992926
19.050466
16.463882
11.346699
15.632789
20.53379
27.910543
52.493308
13.488071
14.398717
12.307563
13.19574
15.952556
19.543718
20.470792
21.19679
20.364323
19.824871
23.59571
19.878699
17.989591
18.729808
12.34236
10.776508
14.841747
12.381807
20.160682
13.992108
15.52835
14.525938
14.483265
11.875529
13.419426
15.135811
26.671576
17.660686
10.844724
16.385961
13.626366
11.439621
24.114633
23.971652
25.466126
25.555874
30.285447
57.71155
