43.064931
47.575873
28.456132
26.069408
40.895782
39.361215
27.318509
23.194676
28.625413
42.752255
44.312404
31.071167
26.768355
29.858606
28.531112
34.631389
34.647333
36.452686
31.91919
24.900022
30.273803
36.049134
41.947443
65.665496
25.418311
29.129595
19.823776
28.434383
32.03527
35.967721
37.172532
39.244293
40.059133
33.822243
38.989306
37.73441
29.661878
35.83994
27.371009
28.83313
30.799827
29.984235
36.926488
28.109316
29.795398
30.986042
30.76927
27.818486
29.053305
34.970186
42.304561
34.36742
24.926734
23.044014
28.604736
29.961221
37.945615
37.142728
38.882506
41.372427
37.322851
68.609617
