64.759596
64.394868
46.602636
46.030367
59.794062
58.758603
54.058706
48.350922
43.209311
62.321119
63.557684
54.439093
52.240139
51.875605
49.505948
56.254788
55.771489
58.207396
51.149172
38.793441
47.846496
60.439675
50.99331
77.036031
45.368302
47.267886
34.616648
50.999602
52.044116
57.071391
51.861853
54.042927
59.086234
55.393646
54.167433
55.900022
55.419203
55.073951
37.640486
38.888083
51.891509
49.605905
56.721757
50.733882
50.095717
52.036272
47.180018
43.745023
47.772955
48.000724
62.003995
52.312226
45.708886
50.056661
45.28987
41.939616
58.472625
59.540915
59.89342
60.048124
57.084721
75.565912
