65.528702
66.054235
49.197818
48.924811
62.523079
60.596417
56.708469
51.67303
46.284391
64.756357
65.545073
56.63153
53.848774
54.77275
52.948942
58.871641
58.24093
59.838833
54.359817
42.514418
52.714848
63.783611
53.405371
78.684244
48.741571
50.279867
36.671947
53.212797
55.17365
59.848248
53.895093
55.960915
62.212135
59.009455
57.300551
59.090715
57.364395
57.594092
39.688458
40.819152
56.149855
54.759753
59.675288
54.534362
52.453177
55.304477
51.487121
47.462117
52.949342
50.244811
63.923177
57.228552
51.167191
53.900336
47.695238
46.316473
60.951776
61.877408
62.427693
62.674449
60.160313
77.891557
