77.076843
76.27974
59.815574
53.276091
62.261238
72.217477
58.928116
69.428987
55.983829
75.563508
77.072756
66.53849
69.080777
70.212886
60.501094
69.524069
70.921291
72.384863
67.800515
53.695619
65.501527
74.397073
76.18683
80.07488
58.511879
62.174758
63.577213
56.735416
60.296747
72.160402
64.001078
62.44564
73.709053
72.252286
59.688525
70.746027
66.081844
62.154663
61.49695
62.427879
69.564132
68.387697
72.329132
68.590047
69.081508
68.66107
63.980874
66.227173
65.718979
60.97098
75.130228
69.353928
58.051191
61.72581
58.234922
62.77107
68.724268
73.979374
73.687349
74.549038
77.888702
83.117996
