78.162511
75.300814
64.638286
63.360234
66.975969
76.722112
59.53639
77.203923
60.919532
79.133132
75.961742
76.482643
61.26997
75.249172
66.129406
77.03172
74.423626
75.184879
73.94073
60.363552
72.459703
69.243198
81.764292
82.937526
67.012227
68.693795
64.871358
57.344747
75.254831
77.227896
68.424704
70.882776
76.422437
79.365119
59.695661
76.11539
59.577573
73.572933
56.608499
68.90817
76.512806
76.002792
78.032989
75.970411
75.385607
74.977087
73.210328
75.447434
74.801983
75.387094
79.109447
75.437716
59.687076
72.561602
62.978882
70.207529
73.529907
79.476802
79.338274
80.473565
73.042895
85.972704
