80.58496
93.168129
94.104366
86.57908
93.489779
92.70333
87.798784
92.990409
89.82743
92.191347
92.487115
93.428027
87.363179
87.026364
94.021298
92.50066
93.905266
92.588994
91.37818
93.772441
88.164045
94.426488
90.730497
86.360427
82.249316
82.399672
93.278916
85.993991
88.028547
91.974731
75.734379
81.643623
82.012638
92.626536
88.328229
87.199933
89.905371
91.770471
92.46749
92.01193
94.526062
92.734309
93.589762
94.41737
94.480548
92.321112
87.035138
94.361587
86.010286
78.736939
93.709485
83.777745
88.055079
88.584638
85.180481
93.15056
91.93421
89.467019
84.738798
93.634515
94.171967
94.396639
94.353545
86.093235
89.074502
88.603294
93.87664
92.524787
88.187318
91.618883
70.813466
86.338483
90.454278
