81.306366
93.965375
94.836663
87.274987
94.268837
93.463523
88.484795
93.707496
90.393283
92.838282
93.153737
94.169855
87.820049
87.588593
94.874225
93.104867
94.6137
93.186708
92.008343
94.571547
88.835293
95.022837
91.246319
86.941198
82.726274
82.951301
94.07264
86.564166
88.59822
92.585909
76.211362
82.291004
82.598754
93.283526
88.912402
87.735452
90.609799
92.372965
93.027996
92.523884
94.971048
93.374826
94.296201
95.217769
95.165075
92.942511
87.543085
94.893968
86.510495
79.292128
94.412027
84.30535
88.593678
89.146006
85.650001
93.749257
92.519536
89.953402
85.321971
94.318696
94.867896
95.015593
94.965385
86.598565
89.563483
89.273549
94.80445
93.416103
88.857508
92.204718
71.563697
86.988934
90.891835
