47.023809
44.735405
50.937719
46.022542
48.222861
50.935012
50.992776
51.098841
50.788167
51.991668
51.153871
49.784472
53.303547
52.519209
51.908105
52.798415
51.036923
51.633139
50.940858
51.125132
50.250349
51.453755
50.989048
45.535572
49.448564
50.485941
47.387058
48.852946
48.951066
51.034264
45.51426
47.817188
50.735869
50.09139
52.395603
51.89694
50.546235
52.296472
54.31888
52.940268
54.271771
55.056946
49.385259
52.502178
52.841988
51.561634
49.004288
53.154853
51.254679
49.688319
49.90661
49.5822
52.153245
50.053681
52.062797
51.419966
51.787638
51.877438
49.580748
50.34574
51.27061
51.740815
50.704862
50.73964
50.862981
49.45517
50.576557
48.457189
50.476258
50.798165
33.096132
44.666791
46.46124
