58.02187
54.407635
61.341783
57.893123
59.212289
61.963174
60.658036
60.65781
63.571348
60.387738
62.25713
63.205683
62.834546
61.649691
61.408162
62.816408
62.56087
61.132582
59.790847
59.963176
58.453456
61.430023
59.132568
61.945361
58.832503
61.335105
56.29943
58.225371
60.094645
60.528758
62.956699
60.169514
60.728223
58.585358
62.291772
60.454828
60.565269
61.430743
63.870147
63.414113
63.811599
64.826652
58.222331
59.253517
62.19761
60.36681
57.916388
62.558455
60.940357
61.94173
60.432753
58.884631
61.907858
60.687465
62.596991
61.499886
61.698541
61.488897
58.388016
61.867018
62.356336
60.953417
59.840549
58.938474
60.501809
56.970847
60.724972
57.521547
58.775877
60.821495
41.320756
55.433685
57.70307
