63.642002
67.093642
72.089546
71.903499
71.55912
74.954221
73.254001
73.599244
74.471796
70.939723
75.18337
76.387504
76.289391
77.089777
74.189556
75.213349
75.3669
74.492606
73.316163
76.47502
71.983819
75.047462
73.137098
70.651315
74.37746
75.019929
68.10952
71.436961
73.614448
68.136986
76.742522
64.562812
76.594155
70.469654
75.199125
73.974746
73.754066
72.741302
76.793966
75.459913
76.292776
77.477196
70.130649
74.793875
74.046091
76.158797
70.886887
74.56816
73.457789
75.420266
76.436734
71.255893
74.436993
73.35469
75.236952
74.000046
73.166263
74.50892
72.448003
72.112937
75.419178
72.547675
74.473479
70.808833
69.603174
74.300072
74.375229
67.813454
72.185446
74.211652
50.201394
68.314062
71.761522
