61.421733
40.615196
68.312098
78.229433
71.687801
84.38723
75.75742
62.649096
67.412203
60.803609
84.0109
89.921236
91.41417
92.156777
91.181694
90.246718
85.6761
91.716949
91.365744
93.480997
94.411599
93.374526
94.976664
90.827898
92.707871
94.631382
95.263589
85.726042
88.503662
79.256271
93.466116
92.646391
94.336908
93.796492
94.944656
92.458753
95.183399
91.436289
81.971692
88.862813
77.599724
89.6723
89.259075
89.47976
92.661064
87.115583
91.991154
83.414478
89.704818
93.263508
91.678221
89.60442
92.887656
