99.090234
99.053009
99.097051
98.678667
98.404332
98.547851
99.068945
99.089646
99.092535
98.902999
98.218426
97.766879
98.153722
98.102664
98.030023
98.035541
97.763171
97.961901
98.047662
97.819676
98.109024
98.002377
97.91177
98.208793
98.36809
98.053144
98.643272
98.988699
99.128426
98.868591
97.931232
97.803503
98.104197
98.185104
98.179141
97.985279
98.194565
98.594895
98.766573
99.026479
99.041021
99.013871
98.79807
98.759252
98.746999
98.616721
98.809544
98.946733
98.414693
98.600154
99.087575
99.06621
98.088141
