17.113378
14.342571
20.965489
25.170115
38.247443
32.690675
21.572585
35.887895
22.887157
29.577668
34.792387
31.317435
33.06603
34.436924
34.381575
33.82784
21.435368
33.928575
29.081566
41.263784
39.312717
38.852094
38.53438
39.062264
38.375594
37.320708
43.378121
35.980235
21.186679
24.50156
30.969154
38.518935
39.719351
38.544354
37.451905
37.372232
39.55181
29.609389
25.483636
24.788611
25.189202
26.600425
24.823509
27.463717
30.253618
33.256746
31.377968
30.781635
34.137198
29.258274
34.646334
24.577227
38.92351
