36.212527
27.896664
30.280399
37.853956
55.412714
47.695883
41.338809
37.173928
33.532446
42.197403
46.617546
45.320815
46.773461
48.618887
48.609581
47.757764
30.999873
47.319904
42.361497
55.299319
55.678086
54.772239
54.217644
54.107747
54.245069
55.006503
58.489191
49.593513
33.568667
39.599699
47.792334
53.215793
53.493695
53.503408
54.921721
52.910271
54.984131
44.011124
39.436258
39.452785
39.904688
40.418477
40.024308
42.906367
44.673866
51.276786
48.272567
47.074769
45.39724
50.592517
42.348571
51.476041
58.284455
