50.941664
28.442291
47.329139
55.681714
60.40367
63.588377
66.167529
61.470617
48.758668
44.550458
55.789861
62.026324
64.728697
65.454926
65.384698
62.67297
44.142239
65.358252
64.703228
74.010778
74.717928
74.870709
74.420491
71.936783
72.550131
72.998893
74.544898
66.940729
51.810596
56.626871
70.560968
71.585309
72.073635
73.611691
74.808709
72.439375
74.322563
68.452651
64.06094
55.097732
48.806026
63.686204
63.604462
64.163836
62.654459
73.253652
66.141338
65.537744
63.955936
61.874687
54.896228
47.157728
70.122117
