42.985804
33.654642
61.440755
65.147688
65.413138
74.62159
77.096245
73.759574
56.768575
50.543033
63.098287
71.665665
74.759093
74.084711
74.270092
71.538524
55.520664
74.182511
73.985925
81.220506
83.352854
83.752495
83.814366
80.553622
81.093563
81.469346
78.750637
72.878456
74.924069
67.111102
81.76221
81.038111
80.872922
82.510363
83.669241
81.766092
80.494379
71.358776
69.122494
64.134689
74.984146
75.161989
75.165015
73.686561
74.900517
82.600698
78.788564
72.809239
71.399647
65.317475
62.138283
77.208745
77.230646
