58.796781
38.369661
61.608939
69.956091
86.913866
78.628543
69.116101
72.563017
60.376015
54.20457
71.531045
75.196513
76.124854
77.133545
77.488174
75.518914
60.132697
77.689414
77.582566
85.480024
85.639061
85.412774
86.655019
86.399647
84.961509
84.541857
81.488031
86.492235
82.320714
77.026616
86.104955
84.72258
85.692318
85.821875
86.550584
83.560648
83.093941
82.060232
81.907637
69.426553
82.077985
80.700949
82.434793
78.380253
75.322909
80.572271
82.889219
76.078207
83.225296
76.535483
65.442143
58.925929
85.921153
