91.178901
92.93752
90.650631
86.594668
76.293662
91.13535
95.20306
94.052171
93.043578
94.089429
95.168579
93.001901
92.21617
92.495099
92.719615
91.866214
83.699018
81.401363
87.706373
81.982071
87.514041
81.659379
82.640597
80.236979
87.809489
87.419707
90.732003
94.52984
90.619499
85.755546
89.974044
91.251717
80.550133
87.051433
88.391621
80.59507
89.069644
87.744819
89.688202
84.013198
94.085731
92.266382
88.180281
86.090421
81.855818
86.937604
88.688169
83.953189
88.957611
84.550057
77.95727
85.44714
82.729656
78.236834
87.572208
83.583335
89.658699
85.31063
89.322848
89.599595
87.550713
86.397303
87.456603
77.84747
85.121347
87.988151
82.280051
76.31287
86.976639
86.947841
89.065861
85.581801
85.268902
86.329919
88.413762
83.555049
77.693643
86.269247
82.406392
85.508831
87.623608
80.22635
79.957236
83.16514
85.33756
86.136901
86.99879
86.366512
87.862194
88.166976
79.726521
77.815093
86.585272
83.724006
82.268945
84.270031
71.883336
80.907619
78.881932
80.952045
79.462638
81.608199
86.270219
88.970574
86.640842
84.63095
78.715459
83.751157
86.139187
82.70531
83.152743
75.299988
79.961208
77.552912
80.354048
83.069141
88.4191
81.436479
81.372037
86.346666
83.677751
83.09563
83.667474
75.793201
68.401649
77.311771
77.270449
81.185101
81.222752
74.730252
76.790964
82.520025
87.411984
85.863758
87.832507
86.36039
82.52333
78.132428
81.097947
79.473111
79.631641
85.123112
87.411071
89.55535
83.865173
88.528785
72.921773
85.071233
79.181412
87.900851
84.466178
77.868361
81.426699
82.359855
83.492307
86.632537
83.050835
83.29411
77.007038
85.464628
86.751536
85.557366
80.519248
92.133418
94.439453
92.022631
93.149172
93.782356
92.549772
93.091384
93.49858
93.435363
93.989834
92.763384
92.078783
92.651903
94.037511
94.236721
93.093049
92.627898
94.405109
96.186257
96.117231
95.984369
96.08935
96.304926
