34.049437
38.968814
38.224762
34.95871
34.587279
42.060787
52.607364
38.274395
39.746769
39.856272
40.137748
36.606569
38.892426
38.263909
37.869876
34.603857
30.342618
26.264136
28.402498
26.350074
27.590249
27.375253
27.629842
31.233007
31.723106
30.077455
33.745717
35.931668
34.502401
30.82415
35.589087
29.207344
28.155533
32.641686
31.074616
29.885646
30.64503
26.905889
32.432481
33.039995
40.598882
40.469123
28.354053
27.856529
23.513633
30.780361
33.637066
30.845158
31.705919
27.605764
26.317886
25.741688
28.019278
25.205928
33.09131
28.957628
35.466851
37.946117
31.999729
35.091566
35.919301
31.446228
35.512883
32.319595
33.12979
38.126307
34.816871
31.680669
33.108412
30.281208
36.410798
31.275662
27.1394
29.116524
31.325976
28.687942
27.032163
27.093862
26.003594
27.260475
32.35564
26.468528
25.710758
28.030649
31.920668
28.138093
30.231458
30.814561
28.512251
28.139276
26.50601
25.306067
35.220877
26.878426
26.748315
26.009945
26.064981
25.138587
24.74367
24.329838
24.271853
29.418462
27.72978
32.944964
33.884884
34.103976
28.890862
31.120177
31.813226
24.950745
32.386041
25.408323
25.556119
25.927725
23.716847
26.599176
31.458972
24.479302
25.951427
28.36404
27.314845
26.662711
25.613051
23.057387
23.25839
27.157993
25.40662
26.636379
26.921378
22.60405
23.803515
25.123832
31.493009
29.887599
30.802294
34.468852
27.569787
25.768123
23.960646
24.178103
23.746185
27.101384
29.962783
34.725923
29.848687
29.984248
27.315397
26.795943
26.693711
31.637411
26.35653
25.777429
25.457868
26.588471
27.727212
26.030083
26.803763
26.831295
30.056008
28.990681
31.009788
33.633283
28.146367
33.747879
32.858949
35.692056
37.336681
36.919518
36.180425
39.733903
40.162103
36.963298
42.137459
39.002748
38.254329
38.809917
42.112719
41.846117
41.650734
39.832027
43.490707
49.336523
49.243409
49.331794
49.487639
49.40628
