59.772336
68.100633
67.511229
65.693794
53.283265
70.556615
76.080633
69.316187
68.380513
69.816821
71.96516
66.695931
68.663884
69.037387
69.567278
64.235251
55.527946
52.239732
57.280625
51.047305
53.505063
52.339772
53.836023
57.301835
63.621256
60.744106
63.546029
69.602277
65.084875
59.440225
61.30831
61.753934
55.686223
60.958934
56.194292
56.901526
60.015914
56.718598
61.538896
61.649599
72.851399
69.353493
57.286793
55.309063
51.504902
58.930092
62.558577
57.288593
61.166764
54.496798
52.174345
54.07248
52.055822
48.724199
59.970167
48.162592
65.893115
68.406385
56.305911
64.325676
63.591581
61.265461
66.801235
58.849156
61.495273
65.614621
59.200119
60.274307
61.896453
59.429964
65.883524
58.637143
55.944964
55.861003
60.176628
54.435058
53.18348
54.051704
51.445502
53.827724
60.06936
51.847901
51.541912
49.608066
62.085486
54.822977
56.989191
58.366683
54.970333
54.06643
52.140902
48.920674
63.504797
52.9511
51.607414
51.756063
46.705592
49.952258
48.350304
50.497602
44.615715
55.219581
53.66871
61.671762
58.631555
58.901713
53.942786
54.508129
59.644542
49.295697
58.340677
47.949067
49.422435
50.058769
49.77169
52.480105
61.226115
49.993394
52.60781
53.29374
50.267406
51.631246
49.680645
45.993853
42.890605
53.349307
49.437108
54.23575
51.928758
45.309611
47.288708
50.685257
59.412468
56.02977
60.251791
62.588885
52.954669
49.730435
49.195687
50.640231
47.614172
54.447684
52.697285
61.930295
56.807839
60.600783
52.541985
53.835894
50.593914
59.315819
52.205807
50.134594
51.192789
52.294591
54.283218
54.371946
51.488976
51.860795
53.693305
56.756363
58.655798
59.800468
53.812676
65.083811
67.265105
66.663891
66.705274
67.391939
65.275463
66.459944
70.392786
68.389576
70.358148
67.419559
65.585318
65.575933
70.871151
70.899009
69.769614
68.697279
72.240894
78.296269
77.84096
77.976799
78.611341
78.384373
