58.147024
66.011495
65.276398
62.302473
51.576535
63.897444
74.74684
68.938178
67.836709
68.910628
71.158022
65.795877
68.030849
67.814338
68.476679
62.447912
53.664941
49.82945
54.848881
48.593564
50.781959
50.096022
51.361778
55.799018
61.559143
57.907094
60.810896
68.123872
64.062485
57.943789
60.283378
58.817378
54.351751
59.270424
54.166244
54.940536
57.892781
53.890243
59.09125
58.987535
71.302925
68.413323
55.088931
53.350251
48.670604
56.701079
60.74688
55.352727
58.714841
51.823993
49.522653
50.671678
50.609871
46.924301
57.836124
47.118021
63.503388
66.116608
54.04809
62.106251
62.104634
59.389497
64.678526
57.015255
59.009082
64.464027
57.870075
56.758204
58.900935
56.009399
64.005462
56.441251
53.350715
53.880327
58.258884
53.308912
51.065579
51.541769
48.815459
51.562948
57.171184
48.891545
48.499309
48.188303
59.383456
51.433719
54.438282
55.601993
52.551437
52.0089
49.849759
47.058838
61.977341
51.188833
50.020276
49.095014
44.773653
46.178221
44.521994
46.925328
42.457122
52.75964
50.330756
58.547271
55.805833
55.815354
51.577333
52.818724
57.398153
46.636975
55.682846
44.912897
47.277361
47.056878
46.553259
49.63487
58.399416
46.953027
51.212503
51.548387
48.079852
49.396716
47.432248
43.061893
41.083518
50.86593
47.963198
51.968861
49.961843
43.640895
44.72452
47.410109
56.893684
53.618921
56.848098
59.447632
51.113188
45.895926
46.224771
47.131339
43.887135
51.111294
50.853881
60.012633
54.428265
58.248599
36.934231
50.647025
48.640604
56.816352
48.91447
47.67684
47.964093
49.005151
51.509329
51.936771
49.58977
49.504232
52.011748
53.401088
55.309161
56.658679
50.363229
61.890504
65.873968
65.554262
65.721004
67.106024
64.966453
65.622883
68.749518
66.822341
69.828641
66.885596
65.103436
65.227104
70.367359
70.481704
69.267093
68.253131
71.23216
77.695032
77.408697
77.669893
78.19142
77.944951
