79.507188
81.81294
80.281321
78.350178
72.970397
86.127717
85.921044
81.481055
82.004028
82.09532
83.918774
79.422217
80.791689
81.691441
83.578438
70.43779
73.400249
62.706209
73.391151
65.470835
71.995094
68.84494
74.048221
76.339294
76.583214
77.284817
78.39978
83.891207
79.113524
72.487216
77.919479
74.111692
77.318428
75.391107
69.707911
74.207306
76.419013
66.114557
77.168529
76.749732
83.050345
81.346078
71.662845
71.065619
68.497205
69.657321
77.570792
70.850154
75.742782
69.930866
62.902287
71.388675
72.992334
66.86298
74.916568
68.709085
80.330395
81.07922
77.418073
76.779766
76.002847
75.432413
77.4243
68.4734
72.125389
78.298795
71.204342
73.277919
77.93912
70.769317
79.215487
73.841135
65.011276
71.979898
76.296348
68.893258
69.404714
71.077438
68.009428
71.594635
75.904228
66.68152
67.968706
69.673039
73.263399
71.720875
70.797122
74.015017
68.813116
70.584012
67.061761
63.678384
76.948333
69.909766
67.257984
69.946073
59.247325
66.243909
64.052397
57.096872
64.3556
70.218465
71.113416
77.458862
75.258843
72.802221
67.262337
66.134251
72.884892
67.48749
71.855695
61.629006
65.023414
65.899644
65.904544
68.630208
76.868711
68.074672
65.59526
71.650702
64.322518
68.012813
67.617091
61.532316
55.775975
68.944512
66.916331
66.670641
69.598146
61.227808
62.767128
67.66683
73.074466
69.580193
75.453829
76.079595
67.634094
64.837246
66.697925
67.913055
65.0589
71.540801
72.764952
74.148816
72.42756
76.775983
57.140774
63.143677
62.30526
75.127989
69.212451
61.798852
67.674366
68.338772
64.595558
69.354391
70.940531
58.291529
67.449421
63.948212
74.084151
73.517213
70.655046
79.24561
82.17952
79.056857
77.671833
79.711775
78.277509
80.469437
83.534288
81.890371
81.924499
79.784274
78.481454
78.257543
82.495752
82.744268
81.319591
81.229083
83.805969
87.548038
87.065977
88.372465
88.410063
87.568
