70.397996
76.384213
75.53818
78.584308
71.6401
73.903857
71.702382
56.586991
74.620072
70.900124
57.297887
65.049603
71.554044
73.282011
82.075068
70.291066
74.096163
74.549418
72.177823
47.577033
55.965609
68.402199
57.217649
67.066742
69.779428
69.835108
74.779937
57.035441
44.557981
68.075071
43.839965
63.375967
65.311614
79.934127
66.033743
81.316553
85.167555
88.663388
86.407347
70.097951
64.981913
79.164447
78.041302
72.371599
87.387955
83.542634
71.782073
68.437439
74.431402
85.231848
36.734867
100.0
