90.174248
92.850816
88.581284
92.339079
84.842347
90.393622
82.541791
85.356072
85.618959
76.727361
83.230125
77.816533
81.930835
91.542938
94.651499
90.498497
88.726807
88.170774
92.603692
69.972096
86.793163
91.729379
78.567171
88.598328
91.129505
91.551239
92.480894
84.77392
77.022246
92.294984
58.795788
87.256596
87.10206
93.780871
88.844036
95.462853
92.137346
77.490858
96.187132
84.894627
77.29785
95.689134
92.671707
91.21413
95.604959
95.807454
85.962298
87.740978
89.93018
95.785796
72.021415
100.0
