95.425521
97.133882
95.576478
97.015034
89.391218
95.770376
87.111471
73.150608
95.561853
84.030041
88.634363
95.962014
95.352796
96.444478
98.040104
95.656906
96.607525
89.364953
94.016961
77.0991
95.92539
96.939034
88.337498
93.477818
95.242731
96.825569
97.294307
93.130788
70.438895
96.569689
64.000716
91.572001
87.7046
97.309417
95.430773
98.501017
93.363777
88.755059
98.135679
86.141343
82.06757
91.203468
90.108394
96.107645
91.64416
98.690907
89.961166
82.755439
89.715657
97.635652
83.485008
100.0
