97.041399
98.172379
96.871437
98.89153
91.361615
94.867308
81.794111
96.560384
97.6125
84.946166
90.35107
97.657303
88.62227
97.332342
98.210634
97.344033
94.318406
98.595484
98.569994
94.559662
98.229762
98.392517
94.115291
94.996772
96.398516
98.316169
98.785735
95.297144
91.999153
97.873997
65.062276
98.936099
80.303283
98.160729
97.096761
99.162674
96.318379
92.664777
98.824953
87.592008
83.441921
91.713831
97.675426
97.74907
98.262238
99.256991
90.304861
83.453456
90.343612
98.593598
86.666484
100.0
