1061536
978563
965865
1056932
986353
978695
1002721
1007313
1010864
988286
993850
1017118
1043632
1018653
1022215
963410
993156
1027801
1026848
1014465
1060705
978875
1009179
1064489
1003175
1033463
956905
1002689
969472
960414
1053982
1064726
1026822
945739
1025748
1004553
1004042
950455
989684
967024
963457
1083179
1063701
1010416
985682
1061022
1005329
986132
1010905
1093925
983106
1019697
1024075
1011651
979088
936883
989768
1012173
1037440
1009697
1014994
962783
991398
970749
1027806
1024214
994291
977176
987889
959890
1096975
989652
643037
