1357091
1258816
1247768
1364385
1260226
1256524
1310890
1309601
1288070
1270692
1269747
1304612
1336807
1303254
1308718
1231758
1290851
1296733
1301650
1306983
1355476
1237674
1286686
1363447
1291077
1327857
1239806
1264118
1233970
1225545
1343102
1353964
1332357
1220518
1318988
1272482
1290271
1206341
1253929
1240680
1209031
1399737
1368349
1310554
1254684
1356119
1285495
1258362
1274976
1394325
1254020
1304776
1314888
1287481
1254536
1212152
1270981
1280059
1325190
1279572
1298151
1205092
1250971
1258121
1291362
1286010
1274087
1237463
1258549
1215750
1384950
1252739
809596
