2004905
1742561
1727085
2019915
1835131
1826656
1894977
1873213
1853979
1817381
1850628
1890712
1964397
1901737
1942560
1807011
1885343
1872699
1930169
1893938
1965207
1773325
1821855
1937116
1973369
2000735
1768362
1868537
1803618
1789737
2054684
1979976
1964967
1859727
1965253
1948065
1958305
1776849
1924643
1808955
1739552
2021366
2021716
1953779
1885510
2013255
1940196
1795935
1898041
2007497
1927021
1974494
1884700
1907354
1845998
1732756
1793207
1847179
1970705
1792025
1940135
1781437
1856745
1806747
1834962
1902487
1973478
1888412
1856158
1713645
2111308
1871295
1144674
