123560
109167
111641
122286
110888
111833
110550
114114
112281
113751
110804
111103
116601
116498
112687
117901
114880
111468
117067
112067
112540
116322
113470
121194
109199
111298
109249
115682
109292
115738
114482
123368
112699
108129
120548
109534
115836
112556
110320
116147
114213
119641
119244
114255
113147
119976
112749
111562
115640
119186
110700
114574
114093
121286
111673
116778
109118
114091
119146
109612
116187
114873
112905
112013
117980
115692
111006
112492
111802
107182
123160
111964
81501
