187674
172797
171856
185260
169939
173579
171861
173668
169195
175398
168427
170418
177705
180371
180147
175931
177905
166678
170641
173562
173026
174509
169098
190126
171801
176830
167031
176663
164614
174245
180761
184731
174546
165319
182585
171493
180144
176686
174853
177938
178325
186268
181198
174560
172024
173883
174017
173384
181740
189337
174333
176289
168642
172243
177205
185370
168360
177514
179155
165349
174062
174592
178434
172067
174960
182112
173058
172133
171104
165858
195352
173443
126613
