359365
335625
335107
365621
331079
327849
344505
334339
342029
339490
336021
334909
338025
340690
340666
331303
343726
323697
332776
354314
336482
329581
336479
379460
333091
341608
320904
340111
324837
326321
352942
363692
341389
329601
332416
332325
358706
324504
344507
342577
353311
361345
361306
339584
328025
346298
341792
329938
341761
347692
348188
347186
340862
348561
341550
347532
325636
328583
354525
325547
341809
334828
346664
327175
345786
335941
333408
332454
338010
317905
374127
334724
228694
