487593
439908
452936
499095
457558
450640
453199
457536
481987
450732
477306
455788
481264
469690
466481
458290
472300
452163
462509
473984
467476
458547
453495
500048
464742
476850
444860
464078
458328
451924
491576
495785
458420
448352
463375
453464
478597
445913
459829
465871
464442
489277
502124
459714
454008
486736
465906
458259
483484
476565
455555
476705
463569
469126
456144
472882
451461
475676
468045
448214
473817
458825
466461
452331
478945
466293
448847
463139
462831
448931
508200
452466
298931
