814135
738602
760205
858449
756663
742124
778265
776071
795095
766580
775915
783719
790530
782910
783903
780440
778105
781974
789008
789386
803603
768728
760627
840218
782867
785504
746737
784254
774841
748140
819497
828251
794608
750027
790098
775147
796902
738070
771095
775147
781093
817925
848527
780915
765409
821148
761899
775422
808963
811665
781012
805265
811170
792043
774934
791091
757877
776483
799492
759029
790772
773629
754992
763744
790630
764670
762607
757834
777274
730233
857076
749034
484031
